date	nil	count
2014-02-24 00:00:00	ADRIANO	8.333333333333334
2014-02-24 01:00:00	ADRIANO	9.966666666666667
2014-02-24 02:00:00	ADRIANO	10.0
2014-02-24 03:00:00	ADRIANO	9.9
2014-02-24 04:00:00	ADRIANO	10.0
2014-02-24 05:00:00	ADRIANO	9.166666666666666
2014-02-24 06:00:00	ADRIANO	8.866666666666667
2014-02-24 07:00:00	ADRIANO	8.233333333333333
2014-02-24 08:00:00	ADRIANO	6.066666666666666
2014-02-24 09:00:00	ADRIANO	4.5
2014-02-24 10:00:00	ADRIANO	4.0
2014-02-24 11:00:00	ADRIANO	4.9
2014-02-24 12:00:00	ADRIANO	5.033333333333333
2014-02-24 13:00:00	ADRIANO	6.2
2014-02-24 14:00:00	ADRIANO	6.6
2014-02-24 15:00:00	ADRIANO	4.166666666666667
2014-02-24 16:00:00	ADRIANO	4.0
2014-02-24 17:00:00	ADRIANO	4.866666666666666
2014-02-24 18:00:00	ADRIANO	4.1
2014-02-24 19:00:00	ADRIANO	5.133333333333334
2014-02-24 20:00:00	ADRIANO	7.7
2014-02-24 21:00:00	ADRIANO	8.533333333333333
2014-02-24 22:00:00	ADRIANO	5.333333333333333
2014-02-24 23:00:00	ADRIANO	7.4
2014-02-25 00:00:00	ADRIANO	8.8
2014-02-25 01:00:00	ADRIANO	8.866666666666667
2014-02-25 02:00:00	ADRIANO	8.7
2014-02-25 03:00:00	ADRIANO	9.0
2014-02-25 04:00:00	ADRIANO	9.0
2014-02-25 05:00:00	ADRIANO	8.7
2014-02-25 06:00:00	ADRIANO	9.0
2014-02-25 07:00:00	ADRIANO	8.366666666666667
2014-02-25 08:00:00	ADRIANO	7.433333333333334
2014-02-25 09:00:00	ADRIANO	6.6
2014-02-25 10:00:00	ADRIANO	7.266666666666667
2014-02-25 11:00:00	ADRIANO	7.766666666666667
2014-02-25 12:00:00	ADRIANO	7.7
2014-02-25 13:00:00	ADRIANO	7.6
2014-02-25 14:00:00	ADRIANO	8.066666666666666
2014-02-25 15:00:00	ADRIANO	7.933333333333334
2014-02-25 16:00:00	ADRIANO	8.733333333333333
2014-02-25 17:00:00	ADRIANO	10.0
2014-02-25 18:00:00	ADRIANO	11.5
2014-02-25 19:00:00	ADRIANO	12.0
2014-02-25 20:00:00	ADRIANO	9.566666666666666
2014-02-25 21:00:00	ADRIANO	9.633333333333333
2014-02-25 22:00:00	ADRIANO	10.5
2014-02-25 23:00:00	ADRIANO	12.1
2014-02-26 00:00:00	ADRIANO	12.0
2014-02-26 01:00:00	ADRIANO	12.266666666666667
2014-02-26 02:00:00	ADRIANO	13.0
2014-02-26 03:00:00	ADRIANO	13.0
2014-02-26 04:00:00	ADRIANO	12.3
2014-02-26 05:00:00	ADRIANO	11.366666666666667
2014-02-26 06:00:00	ADRIANO	10.566666666666666
2014-02-26 07:00:00	ADRIANO	10.0
2014-02-26 08:00:00	ADRIANO	6.833333333333333
2014-02-26 09:00:00	ADRIANO	4.1
2014-02-26 10:00:00	ADRIANO	4.3
2014-02-26 11:00:00	ADRIANO	3.0
2014-02-26 12:00:00	ADRIANO	3.8333333333333335
2014-02-26 13:00:00	ADRIANO	4.0
2014-02-26 14:00:00	ADRIANO	4.0
2014-02-26 15:00:00	ADRIANO	4.0
2014-02-26 16:00:00	ADRIANO	4.0
2014-02-26 17:00:00	ADRIANO	4.0
2014-02-26 18:00:00	ADRIANO	3.8666666666666667
2014-02-26 19:00:00	ADRIANO	3.7
2014-02-26 20:00:00	ADRIANO	4.0
2014-02-26 21:00:00	ADRIANO	3.466666666666667
2014-02-26 22:00:00	ADRIANO	2.3
2014-02-26 23:00:00	ADRIANO	1.1
2014-02-27 00:00:00	ADRIANO	2.0
2014-02-27 01:00:00	ADRIANO	2.0
2014-02-27 02:00:00	ADRIANO	2.0
2014-02-27 03:00:00	ADRIANO	2.0
2014-02-27 04:00:00	ADRIANO	2.0
2014-02-27 05:00:00	ADRIANO	2.0
2014-02-27 06:00:00	ADRIANO	2.0
2014-02-27 07:00:00	ADRIANO	1.3
2014-02-27 08:00:00	ADRIANO	1.0
2014-02-27 09:00:00	ADRIANO	1.0
2014-02-27 10:00:00	ADRIANO	1.0
2014-02-27 11:00:00	ADRIANO	1.0
2014-02-27 12:00:00	ADRIANO	1.0
2014-02-27 13:00:00	ADRIANO	1.0
2014-02-27 14:00:00	ADRIANO	0.7333333333333333
2014-02-27 15:00:00	ADRIANO	1.7333333333333334
2014-02-27 16:00:00	ADRIANO	2.7333333333333334
2014-02-27 17:00:00	ADRIANO	2.3333333333333335
2014-02-27 18:00:00	ADRIANO	4.0
2014-02-27 19:00:00	ADRIANO	6.3
2014-02-27 20:00:00	ADRIANO	6.066666666666666
2014-02-27 21:00:00	ADRIANO	9.0
2014-02-27 22:00:00	ADRIANO	9.766666666666667
2014-02-27 23:00:00	ADRIANO	9.866666666666667
2014-02-28 00:00:00	ADRIANO	9.5
2014-02-28 01:00:00	ADRIANO	8.133333333333333
2014-02-28 02:00:00	ADRIANO	9.0
2014-02-28 03:00:00	ADRIANO	9.0
2014-02-28 04:00:00	ADRIANO	9.566666666666666
2014-02-28 05:00:00	ADRIANO	9.366666666666667
2014-02-28 06:00:00	ADRIANO	9.0
2014-02-28 07:00:00	ADRIANO	8.566666666666666
2014-02-28 08:00:00	ADRIANO	7.333333333333333
2014-02-28 09:00:00	ADRIANO	7.333333333333333
2014-02-28 10:00:00	ADRIANO	6.766666666666667
2014-02-28 11:00:00	ADRIANO	5.3
2014-02-28 12:00:00	ADRIANO	5.6
2014-02-28 13:00:00	ADRIANO	6.533333333333333
2014-02-28 14:00:00	ADRIANO	6.066666666666666
2014-02-28 15:00:00	ADRIANO	6.433333333333334
2014-02-28 16:00:00	ADRIANO	6.0
2014-02-28 17:00:00	ADRIANO	5.6
2014-02-28 18:00:00	ADRIANO	5.0
2014-02-28 19:00:00	ADRIANO	4.233333333333333
2014-02-28 20:00:00	ADRIANO	4.466666666666667
2014-02-28 21:00:00	ADRIANO	5.133333333333334
2014-02-28 22:00:00	ADRIANO	5.166666666666667
2014-02-28 23:00:00	ADRIANO	4.0
2014-03-01 00:00:00	ADRIANO	4.133333333333334
2014-03-01 01:00:00	ADRIANO	4.733333333333333
2014-03-01 02:00:00	ADRIANO	3.7666666666666666
2014-03-01 03:00:00	ADRIANO	3.466666666666667
2014-03-01 04:00:00	ADRIANO	4.5
2014-03-01 05:00:00	ADRIANO	4.166666666666667
2014-03-01 06:00:00	ADRIANO	4.0
2014-03-01 07:00:00	ADRIANO	4.0
2014-03-01 08:00:00	ADRIANO	3.3
2014-03-01 09:00:00	ADRIANO	3.0
2014-03-01 10:00:00	ADRIANO	3.0
2014-03-01 11:00:00	ADRIANO	3.0
2014-03-01 12:00:00	ADRIANO	3.0
2014-03-01 13:00:00	ADRIANO	3.3666666666666667
2014-03-01 14:00:00	ADRIANO	3.933333333333333
2014-03-01 15:00:00	ADRIANO	2.933333333333333
2014-03-01 16:00:00	ADRIANO	2.0
2014-03-01 17:00:00	ADRIANO	1.3666666666666667
2014-03-01 18:00:00	ADRIANO	1.0
2014-03-01 19:00:00	ADRIANO	1.4666666666666666
2014-03-01 20:00:00	ADRIANO	1.0
2014-03-01 21:00:00	ADRIANO	2.433333333333333
2014-03-01 22:00:00	ADRIANO	2.433333333333333
2014-03-01 23:00:00	ADRIANO	1.2666666666666666
2014-03-02 00:00:00	ADRIANO	1.0
2014-03-02 01:00:00	ADRIANO	2.8333333333333335
2014-03-02 02:00:00	ADRIANO	3.8666666666666667
2014-03-02 03:00:00	ADRIANO	4.0
2014-03-02 04:00:00	ADRIANO	4.433333333333334
2014-03-02 05:00:00	ADRIANO	4.333333333333333
2014-03-02 06:00:00	ADRIANO	5.0
2014-03-02 07:00:00	ADRIANO	5.133333333333334
2014-03-02 08:00:00	ADRIANO	6.266666666666667
2014-03-02 09:00:00	ADRIANO	7.0
2014-03-02 10:00:00	ADRIANO	7.0
2014-03-02 11:00:00	ADRIANO	6.233333333333333
2014-03-02 12:00:00	ADRIANO	5.0
2014-03-02 13:00:00	ADRIANO	5.0
2014-03-02 14:00:00	ADRIANO	5.266666666666667
2014-03-02 15:00:00	ADRIANO	6.533333333333333
2014-03-02 16:00:00	ADRIANO	7.0
2014-03-02 17:00:00	ADRIANO	7.0
2014-03-02 18:00:00	ADRIANO	5.766666666666667
2014-03-02 19:00:00	ADRIANO	5.2
2014-03-02 20:00:00	ADRIANO	5.566666666666666
2014-03-02 21:00:00	ADRIANO	5.7
2014-03-02 22:00:00	ADRIANO	4.966666666666667
2014-03-02 23:00:00	ADRIANO	3.2333333333333334
2014-02-24 00:00:00	AFFORI	3.3
2014-02-24 01:00:00	AFFORI	4.2
2014-02-24 02:00:00	AFFORI	4.7
2014-02-24 03:00:00	AFFORI	6.0
2014-02-24 04:00:00	AFFORI	6.0
2014-02-24 05:00:00	AFFORI	6.733333333333333
2014-02-24 06:00:00	AFFORI	7.0
2014-02-24 07:00:00	AFFORI	5.966666666666667
2014-02-24 08:00:00	AFFORI	4.666666666666667
2014-02-24 09:00:00	AFFORI	3.4
2014-02-24 10:00:00	AFFORI	6.1
2014-02-24 11:00:00	AFFORI	5.6
2014-02-24 12:00:00	AFFORI	4.833333333333333
2014-02-24 13:00:00	AFFORI	4.0
2014-02-24 14:00:00	AFFORI	4.0
2014-02-24 15:00:00	AFFORI	3.4
2014-02-24 16:00:00	AFFORI	4.0
2014-02-24 17:00:00	AFFORI	4.566666666666666
2014-02-24 18:00:00	AFFORI	5.7
2014-02-24 19:00:00	AFFORI	6.533333333333333
2014-02-24 20:00:00	AFFORI	7.7
2014-02-24 21:00:00	AFFORI	9.0
2014-02-24 22:00:00	AFFORI	5.066666666666666
2014-02-24 23:00:00	AFFORI	7.233333333333333
2014-02-25 00:00:00	AFFORI	7.4
2014-02-25 01:00:00	AFFORI	7.866666666666666
2014-02-25 02:00:00	AFFORI	7.733333333333333
2014-02-25 03:00:00	AFFORI	8.733333333333333
2014-02-25 04:00:00	AFFORI	8.7
2014-02-25 05:00:00	AFFORI	7.733333333333333
2014-02-25 06:00:00	AFFORI	8.0
2014-02-25 07:00:00	AFFORI	6.566666666666666
2014-02-25 08:00:00	AFFORI	5.7
2014-02-25 09:00:00	AFFORI	6.0
2014-02-25 10:00:00	AFFORI	6.866666666666666
2014-02-25 11:00:00	AFFORI	8.0
2014-02-25 12:00:00	AFFORI	8.666666666666666
2014-02-25 13:00:00	AFFORI	9.333333333333334
2014-02-25 14:00:00	AFFORI	8.4
2014-02-25 15:00:00	AFFORI	8.0
2014-02-25 16:00:00	AFFORI	8.0
2014-02-25 17:00:00	AFFORI	6.333333333333333
2014-02-25 18:00:00	AFFORI	6.033333333333333
2014-02-25 19:00:00	AFFORI	7.933333333333334
2014-02-25 20:00:00	AFFORI	7.333333333333333
2014-02-25 21:00:00	AFFORI	9.433333333333334
2014-02-25 22:00:00	AFFORI	9.8
2014-02-25 23:00:00	AFFORI	8.233333333333333
2014-02-26 00:00:00	AFFORI	8.666666666666666
2014-02-26 01:00:00	AFFORI	9.0
2014-02-26 02:00:00	AFFORI	9.0
2014-02-26 03:00:00	AFFORI	9.0
2014-02-26 04:00:00	AFFORI	9.0
2014-02-26 05:00:00	AFFORI	9.0
2014-02-26 06:00:00	AFFORI	8.166666666666666
2014-02-26 07:00:00	AFFORI	8.0
2014-02-26 08:00:00	AFFORI	7.3
2014-02-26 09:00:00	AFFORI	8.266666666666667
2014-02-26 10:00:00	AFFORI	7.866666666666666
2014-02-26 11:00:00	AFFORI	7.8
2014-02-26 12:00:00	AFFORI	6.966666666666667
2014-02-26 13:00:00	AFFORI	7.733333333333333
2014-02-26 14:00:00	AFFORI	7.866666666666666
2014-02-26 15:00:00	AFFORI	7.866666666666666
2014-02-26 16:00:00	AFFORI	7.9
2014-02-26 17:00:00	AFFORI	5.666666666666667
2014-02-26 18:00:00	AFFORI	4.833333333333333
2014-02-26 19:00:00	AFFORI	6.2
2014-02-26 20:00:00	AFFORI	6.6
2014-02-26 21:00:00	AFFORI	5.0
2014-02-26 22:00:00	AFFORI	5.0
2014-02-26 23:00:00	AFFORI	7.7
2014-02-27 00:00:00	AFFORI	8.133333333333333
2014-02-27 01:00:00	AFFORI	8.533333333333333
2014-02-27 02:00:00	AFFORI	9.733333333333333
2014-02-27 03:00:00	AFFORI	10.0
2014-02-27 04:00:00	AFFORI	10.5
2014-02-27 05:00:00	AFFORI	11.0
2014-02-27 06:00:00	AFFORI	10.466666666666667
2014-02-27 07:00:00	AFFORI	10.0
2014-02-27 08:00:00	AFFORI	10.466666666666667
2014-02-27 09:00:00	AFFORI	11.133333333333333
2014-02-27 10:00:00	AFFORI	11.2
2014-02-27 11:00:00	AFFORI	11.733333333333333
2014-02-27 12:00:00	AFFORI	12.0
2014-02-27 13:00:00	AFFORI	12.766666666666667
2014-02-27 14:00:00	AFFORI	8.833333333333334
2014-02-27 15:00:00	AFFORI	12.0
2014-02-27 16:00:00	AFFORI	12.0
2014-02-27 17:00:00	AFFORI	12.033333333333333
2014-02-27 18:00:00	AFFORI	10.566666666666666
2014-02-27 19:00:00	AFFORI	10.133333333333333
2014-02-27 20:00:00	AFFORI	7.333333333333333
2014-02-27 21:00:00	AFFORI	7.133333333333334
2014-02-27 22:00:00	AFFORI	6.933333333333334
2014-02-27 23:00:00	AFFORI	5.766666666666667
2014-02-28 00:00:00	AFFORI	5.0
2014-02-28 01:00:00	AFFORI	6.1
2014-02-28 02:00:00	AFFORI	8.8
2014-02-28 03:00:00	AFFORI	9.0
2014-02-28 04:00:00	AFFORI	9.0
2014-02-28 05:00:00	AFFORI	9.1
2014-02-28 06:00:00	AFFORI	9.966666666666667
2014-02-28 07:00:00	AFFORI	8.333333333333334
2014-02-28 08:00:00	AFFORI	7.4
2014-02-28 09:00:00	AFFORI	7.0
2014-02-28 10:00:00	AFFORI	6.533333333333333
2014-02-28 11:00:00	AFFORI	5.966666666666667
2014-02-28 12:00:00	AFFORI	5.8
2014-02-28 13:00:00	AFFORI	5.966666666666667
2014-02-28 14:00:00	AFFORI	5.866666666666666
2014-02-28 15:00:00	AFFORI	6.0
2014-02-28 16:00:00	AFFORI	5.766666666666667
2014-02-28 17:00:00	AFFORI	4.466666666666667
2014-02-28 18:00:00	AFFORI	3.466666666666667
2014-02-28 19:00:00	AFFORI	3.0
2014-02-28 20:00:00	AFFORI	3.0
2014-02-28 21:00:00	AFFORI	3.2666666666666666
2014-02-28 22:00:00	AFFORI	1.5333333333333334
2014-02-28 23:00:00	AFFORI	1.7666666666666666
2014-03-01 00:00:00	AFFORI	0.6333333333333333
2014-03-01 01:00:00	AFFORI	1.0
2014-03-01 02:00:00	AFFORI	1.3333333333333333
2014-03-01 03:00:00	AFFORI	2.6
2014-03-01 04:00:00	AFFORI	4.4
2014-03-01 05:00:00	AFFORI	5.766666666666667
2014-03-01 06:00:00	AFFORI	6.0
2014-03-01 07:00:00	AFFORI	5.966666666666667
2014-03-01 08:00:00	AFFORI	4.633333333333334
2014-03-01 09:00:00	AFFORI	4.7
2014-03-01 10:00:00	AFFORI	3.6333333333333333
2014-03-01 11:00:00	AFFORI	2.566666666666667
2014-03-01 12:00:00	AFFORI	2.7
2014-03-01 13:00:00	AFFORI	3.0
2014-03-01 14:00:00	AFFORI	2.2666666666666666
2014-03-01 15:00:00	AFFORI	0.8
2014-03-01 16:00:00	AFFORI	2.566666666666667
2014-03-01 17:00:00	AFFORI	2.2666666666666666
2014-03-01 18:00:00	AFFORI	1.4
2014-03-01 19:00:00	AFFORI	2.0
2014-03-01 20:00:00	AFFORI	2.7333333333333334
2014-03-01 21:00:00	AFFORI	3.0
2014-03-01 22:00:00	AFFORI	1.2666666666666666
2014-03-01 23:00:00	AFFORI	0.8
2014-03-02 00:00:00	AFFORI	1.4
2014-03-02 01:00:00	AFFORI	1.8333333333333333
2014-03-02 02:00:00	AFFORI	2.8666666666666667
2014-03-02 03:00:00	AFFORI	4.0
2014-03-02 04:00:00	AFFORI	4.4
2014-03-02 05:00:00	AFFORI	3.466666666666667
2014-03-02 06:00:00	AFFORI	4.0
2014-03-02 07:00:00	AFFORI	4.0
2014-03-02 08:00:00	AFFORI	4.0
2014-03-02 09:00:00	AFFORI	4.0
2014-03-02 10:00:00	AFFORI	4.0
2014-03-02 11:00:00	AFFORI	5.3
2014-03-02 12:00:00	AFFORI	4.9
2014-03-02 13:00:00	AFFORI	5.0
2014-03-02 14:00:00	AFFORI	4.766666666666667
2014-03-02 15:00:00	AFFORI	3.1666666666666665
2014-03-02 16:00:00	AFFORI	2.466666666666667
2014-03-02 17:00:00	AFFORI	2.0
2014-03-02 18:00:00	AFFORI	1.8
2014-03-02 19:00:00	AFFORI	2.466666666666667
2014-03-02 20:00:00	AFFORI	3.0
2014-03-02 21:00:00	AFFORI	3.1666666666666665
2014-03-02 22:00:00	AFFORI	3.8666666666666667
2014-03-02 23:00:00	AFFORI	3.8666666666666667
2014-02-24 00:00:00	BAGGIO	10.5
2014-02-24 01:00:00	BAGGIO	11.8
2014-02-24 02:00:00	BAGGIO	12.0
2014-02-24 03:00:00	BAGGIO	12.0
2014-02-24 04:00:00	BAGGIO	12.0
2014-02-24 05:00:00	BAGGIO	12.0
2014-02-24 06:00:00	BAGGIO	12.0
2014-02-24 07:00:00	BAGGIO	10.533333333333333
2014-02-24 08:00:00	BAGGIO	9.933333333333334
2014-02-24 09:00:00	BAGGIO	9.866666666666667
2014-02-24 10:00:00	BAGGIO	9.766666666666667
2014-02-24 11:00:00	BAGGIO	10.0
2014-02-24 12:00:00	BAGGIO	10.0
2014-02-24 13:00:00	BAGGIO	10.0
2014-02-24 14:00:00	BAGGIO	9.1
2014-02-24 15:00:00	BAGGIO	9.0
2014-02-24 16:00:00	BAGGIO	9.266666666666667
2014-02-24 17:00:00	BAGGIO	11.233333333333333
2014-02-24 18:00:00	BAGGIO	10.433333333333334
2014-02-24 19:00:00	BAGGIO	11.066666666666666
2014-02-24 20:00:00	BAGGIO	11.533333333333333
2014-02-24 21:00:00	BAGGIO	11.966666666666667
2014-02-24 22:00:00	BAGGIO	7.033333333333333
2014-02-24 23:00:00	BAGGIO	11.733333333333333
2014-02-25 00:00:00	BAGGIO	15.733333333333333
2014-02-25 01:00:00	BAGGIO	16.0
2014-02-25 02:00:00	BAGGIO	15.466666666666667
2014-02-25 03:00:00	BAGGIO	15.9
2014-02-25 04:00:00	BAGGIO	15.0
2014-02-25 05:00:00	BAGGIO	13.6
2014-02-25 06:00:00	BAGGIO	14.0
2014-02-25 07:00:00	BAGGIO	13.1
2014-02-25 08:00:00	BAGGIO	13.466666666666667
2014-02-25 09:00:00	BAGGIO	14.0
2014-02-25 10:00:00	BAGGIO	13.566666666666666
2014-02-25 11:00:00	BAGGIO	13.366666666666667
2014-02-25 12:00:00	BAGGIO	13.2
2014-02-25 13:00:00	BAGGIO	12.466666666666667
2014-02-25 14:00:00	BAGGIO	11.3
2014-02-25 15:00:00	BAGGIO	11.533333333333333
2014-02-25 16:00:00	BAGGIO	11.533333333333333
2014-02-25 17:00:00	BAGGIO	13.6
2014-02-25 18:00:00	BAGGIO	13.066666666666666
2014-02-25 19:00:00	BAGGIO	13.9
2014-02-25 20:00:00	BAGGIO	14.0
2014-02-25 21:00:00	BAGGIO	14.0
2014-02-25 22:00:00	BAGGIO	14.0
2014-02-25 23:00:00	BAGGIO	15.566666666666666
2014-02-26 00:00:00	BAGGIO	16.733333333333334
2014-02-26 01:00:00	BAGGIO	17.4
2014-02-26 02:00:00	BAGGIO	18.6
2014-02-26 03:00:00	BAGGIO	19.333333333333332
2014-02-26 04:00:00	BAGGIO	19.0
2014-02-26 05:00:00	BAGGIO	19.0
2014-02-26 06:00:00	BAGGIO	19.0
2014-02-26 07:00:00	BAGGIO	17.833333333333332
2014-02-26 08:00:00	BAGGIO	16.7
2014-02-26 09:00:00	BAGGIO	16.9
2014-02-26 10:00:00	BAGGIO	16.833333333333332
2014-02-26 11:00:00	BAGGIO	17.0
2014-02-26 12:00:00	BAGGIO	16.233333333333334
2014-02-26 13:00:00	BAGGIO	15.166666666666666
2014-02-26 14:00:00	BAGGIO	14.8
2014-02-26 15:00:00	BAGGIO	14.966666666666667
2014-02-26 16:00:00	BAGGIO	14.1
2014-02-26 17:00:00	BAGGIO	14.0
2014-02-26 18:00:00	BAGGIO	13.533333333333333
2014-02-26 19:00:00	BAGGIO	13.833333333333334
2014-02-26 20:00:00	BAGGIO	15.366666666666667
2014-02-26 21:00:00	BAGGIO	17.966666666666665
2014-02-26 22:00:00	BAGGIO	19.333333333333332
2014-02-26 23:00:00	BAGGIO	18.2
2014-02-27 00:00:00	BAGGIO	17.966666666666665
2014-02-27 01:00:00	BAGGIO	18.5
2014-02-27 02:00:00	BAGGIO	18.933333333333334
2014-02-27 03:00:00	BAGGIO	19.0
2014-02-27 04:00:00	BAGGIO	18.466666666666665
2014-02-27 05:00:00	BAGGIO	17.633333333333333
2014-02-27 06:00:00	BAGGIO	17.0
2014-02-27 07:00:00	BAGGIO	16.5
2014-02-27 08:00:00	BAGGIO	14.833333333333334
2014-02-27 09:00:00	BAGGIO	15.166666666666666
2014-02-27 10:00:00	BAGGIO	15.833333333333334
2014-02-27 11:00:00	BAGGIO	16.0
2014-02-27 12:00:00	BAGGIO	15.666666666666666
2014-02-27 13:00:00	BAGGIO	14.9
2014-02-27 14:00:00	BAGGIO	10.4
2014-02-27 15:00:00	BAGGIO	12.8
2014-02-27 16:00:00	BAGGIO	12.733333333333333
2014-02-27 17:00:00	BAGGIO	13.1
2014-02-27 18:00:00	BAGGIO	14.533333333333333
2014-02-27 19:00:00	BAGGIO	14.233333333333333
2014-02-27 20:00:00	BAGGIO	15.1
2014-02-27 21:00:00	BAGGIO	16.333333333333332
2014-02-27 22:00:00	BAGGIO	15.366666666666667
2014-02-27 23:00:00	BAGGIO	18.4
2014-02-28 00:00:00	BAGGIO	18.1
2014-02-28 01:00:00	BAGGIO	17.466666666666665
2014-02-28 02:00:00	BAGGIO	19.0
2014-02-28 03:00:00	BAGGIO	18.966666666666665
2014-02-28 04:00:00	BAGGIO	17.2
2014-02-28 05:00:00	BAGGIO	17.0
2014-02-28 06:00:00	BAGGIO	17.0
2014-02-28 07:00:00	BAGGIO	17.0
2014-02-28 08:00:00	BAGGIO	15.833333333333334
2014-02-28 09:00:00	BAGGIO	15.933333333333334
2014-02-28 10:00:00	BAGGIO	14.166666666666666
2014-02-28 11:00:00	BAGGIO	13.866666666666667
2014-02-28 12:00:00	BAGGIO	16.0
2014-02-28 13:00:00	BAGGIO	16.0
2014-02-28 14:00:00	BAGGIO	16.0
2014-02-28 15:00:00	BAGGIO	15.2
2014-02-28 16:00:00	BAGGIO	15.633333333333333
2014-02-28 17:00:00	BAGGIO	19.266666666666666
2014-02-28 18:00:00	BAGGIO	18.533333333333335
2014-02-28 19:00:00	BAGGIO	16.766666666666666
2014-02-28 20:00:00	BAGGIO	16.766666666666666
2014-02-28 21:00:00	BAGGIO	19.6
2014-02-28 22:00:00	BAGGIO	20.233333333333334
2014-02-28 23:00:00	BAGGIO	21.0
2014-03-01 00:00:00	BAGGIO	22.633333333333333
2014-03-01 01:00:00	BAGGIO	23.233333333333334
2014-03-01 02:00:00	BAGGIO	18.4
2014-03-01 03:00:00	BAGGIO	21.466666666666665
2014-03-01 04:00:00	BAGGIO	26.0
2014-03-01 05:00:00	BAGGIO	25.766666666666666
2014-03-01 06:00:00	BAGGIO	24.666666666666668
2014-03-01 07:00:00	BAGGIO	24.733333333333334
2014-03-01 08:00:00	BAGGIO	23.8
2014-03-01 09:00:00	BAGGIO	23.866666666666667
2014-03-01 10:00:00	BAGGIO	23.0
2014-03-01 11:00:00	BAGGIO	23.0
2014-03-01 12:00:00	BAGGIO	23.3
2014-03-01 13:00:00	BAGGIO	23.9
2014-03-01 14:00:00	BAGGIO	23.7
2014-03-01 15:00:00	BAGGIO	24.0
2014-03-01 16:00:00	BAGGIO	23.933333333333334
2014-03-01 17:00:00	BAGGIO	23.666666666666668
2014-03-01 18:00:00	BAGGIO	24.5
2014-03-01 19:00:00	BAGGIO	23.333333333333332
2014-03-01 20:00:00	BAGGIO	24.266666666666666
2014-03-01 21:00:00	BAGGIO	23.1
2014-03-01 22:00:00	BAGGIO	21.533333333333335
2014-03-01 23:00:00	BAGGIO	22.1
2014-03-02 00:00:00	BAGGIO	20.866666666666667
2014-03-02 01:00:00	BAGGIO	22.633333333333333
2014-03-02 02:00:00	BAGGIO	21.533333333333335
2014-03-02 03:00:00	BAGGIO	24.0
2014-03-02 04:00:00	BAGGIO	24.333333333333332
2014-03-02 05:00:00	BAGGIO	20.8
2014-03-02 06:00:00	BAGGIO	23.766666666666666
2014-03-02 07:00:00	BAGGIO	23.0
2014-03-02 08:00:00	BAGGIO	23.1
2014-03-02 09:00:00	BAGGIO	22.033333333333335
2014-03-02 10:00:00	BAGGIO	21.0
2014-03-02 11:00:00	BAGGIO	21.233333333333334
2014-03-02 12:00:00	BAGGIO	19.366666666666667
2014-03-02 13:00:00	BAGGIO	19.866666666666667
2014-03-02 14:00:00	BAGGIO	20.0
2014-03-02 15:00:00	BAGGIO	18.533333333333335
2014-03-02 16:00:00	BAGGIO	18.0
2014-03-02 17:00:00	BAGGIO	17.866666666666667
2014-03-02 18:00:00	BAGGIO	18.166666666666668
2014-03-02 19:00:00	BAGGIO	16.966666666666665
2014-03-02 20:00:00	BAGGIO	16.966666666666665
2014-03-02 21:00:00	BAGGIO	18.3
2014-03-02 22:00:00	BAGGIO	20.266666666666666
2014-03-02 23:00:00	BAGGIO	21.7
2014-02-24 00:00:00	BANDE NERE	7.7
2014-02-24 01:00:00	BANDE NERE	8.7
2014-02-24 02:00:00	BANDE NERE	10.7
2014-02-24 03:00:00	BANDE NERE	11.0
2014-02-24 04:00:00	BANDE NERE	11.0
2014-02-24 05:00:00	BANDE NERE	11.0
2014-02-24 06:00:00	BANDE NERE	10.666666666666666
2014-02-24 07:00:00	BANDE NERE	9.366666666666667
2014-02-24 08:00:00	BANDE NERE	5.966666666666667
2014-02-24 09:00:00	BANDE NERE	3.8666666666666667
2014-02-24 10:00:00	BANDE NERE	1.8333333333333333
2014-02-24 11:00:00	BANDE NERE	2.4
2014-02-24 12:00:00	BANDE NERE	2.4
2014-02-24 13:00:00	BANDE NERE	1.4
2014-02-24 14:00:00	BANDE NERE	2.966666666666667
2014-02-24 15:00:00	BANDE NERE	5.033333333333333
2014-02-24 16:00:00	BANDE NERE	5.566666666666666
2014-02-24 17:00:00	BANDE NERE	2.7333333333333334
2014-02-24 18:00:00	BANDE NERE	3.3
2014-02-24 19:00:00	BANDE NERE	2.6
2014-02-24 20:00:00	BANDE NERE	2.6666666666666665
2014-02-24 21:00:00	BANDE NERE	3.6
2014-02-24 22:00:00	BANDE NERE	1.1
2014-02-24 23:00:00	BANDE NERE	2.3666666666666667
2014-02-25 00:00:00	BANDE NERE	5.7
2014-02-25 01:00:00	BANDE NERE	4.533333333333333
2014-02-25 02:00:00	BANDE NERE	6.7
2014-02-25 03:00:00	BANDE NERE	9.233333333333333
2014-02-25 04:00:00	BANDE NERE	9.6
2014-02-25 05:00:00	BANDE NERE	9.166666666666666
2014-02-25 06:00:00	BANDE NERE	8.6
2014-02-25 07:00:00	BANDE NERE	7.133333333333334
2014-02-25 08:00:00	BANDE NERE	6.1
2014-02-25 09:00:00	BANDE NERE	5.733333333333333
2014-02-25 10:00:00	BANDE NERE	3.7333333333333334
2014-02-25 11:00:00	BANDE NERE	4.266666666666667
2014-02-25 12:00:00	BANDE NERE	4.433333333333334
2014-02-25 13:00:00	BANDE NERE	2.8333333333333335
2014-02-25 14:00:00	BANDE NERE	1.6666666666666667
2014-02-25 15:00:00	BANDE NERE	3.3666666666666667
2014-02-25 16:00:00	BANDE NERE	2.8333333333333335
2014-02-25 17:00:00	BANDE NERE	2.2666666666666666
2014-02-25 18:00:00	BANDE NERE	0.8333333333333334
2014-02-25 19:00:00	BANDE NERE	3.3666666666666667
2014-02-25 20:00:00	BANDE NERE	4.1
2014-02-25 21:00:00	BANDE NERE	6.6
2014-02-25 22:00:00	BANDE NERE	6.866666666666666
2014-02-25 23:00:00	BANDE NERE	5.466666666666667
2014-02-26 00:00:00	BANDE NERE	5.9
2014-02-26 01:00:00	BANDE NERE	8.366666666666667
2014-02-26 02:00:00	BANDE NERE	11.166666666666666
2014-02-26 03:00:00	BANDE NERE	12.0
2014-02-26 04:00:00	BANDE NERE	12.0
2014-02-26 05:00:00	BANDE NERE	11.266666666666667
2014-02-26 06:00:00	BANDE NERE	10.3
2014-02-26 07:00:00	BANDE NERE	7.366666666666666
2014-02-26 08:00:00	BANDE NERE	4.766666666666667
2014-02-26 09:00:00	BANDE NERE	2.7666666666666666
2014-02-26 10:00:00	BANDE NERE	2.8666666666666667
2014-02-26 11:00:00	BANDE NERE	3.1333333333333333
2014-02-26 12:00:00	BANDE NERE	2.0
2014-02-26 13:00:00	BANDE NERE	1.4666666666666666
2014-02-26 14:00:00	BANDE NERE	2.1
2014-02-26 15:00:00	BANDE NERE	1.9
2014-02-26 16:00:00	BANDE NERE	1.9666666666666666
2014-02-26 17:00:00	BANDE NERE	4.833333333333333
2014-02-26 18:00:00	BANDE NERE	4.966666666666667
2014-02-26 19:00:00	BANDE NERE	3.033333333333333
2014-02-26 20:00:00	BANDE NERE	4.533333333333333
2014-02-26 21:00:00	BANDE NERE	11.766666666666667
2014-02-26 22:00:00	BANDE NERE	7.333333333333333
2014-02-26 23:00:00	BANDE NERE	8.066666666666666
2014-02-27 00:00:00	BANDE NERE	10.566666666666666
2014-02-27 01:00:00	BANDE NERE	11.0
2014-02-27 02:00:00	BANDE NERE	10.466666666666667
2014-02-27 03:00:00	BANDE NERE	11.0
2014-02-27 04:00:00	BANDE NERE	11.866666666666667
2014-02-27 05:00:00	BANDE NERE	12.0
2014-02-27 06:00:00	BANDE NERE	12.0
2014-02-27 07:00:00	BANDE NERE	10.2
2014-02-27 08:00:00	BANDE NERE	5.266666666666667
2014-02-27 09:00:00	BANDE NERE	1.7333333333333334
2014-02-27 10:00:00	BANDE NERE	1.5333333333333334
2014-02-27 11:00:00	BANDE NERE	0.03333333333333333
2014-02-27 12:00:00	BANDE NERE	0.3
2014-02-27 13:00:00	BANDE NERE	3.6
2014-02-27 14:00:00	BANDE NERE	2.2666666666666666
2014-02-27 15:00:00	BANDE NERE	3.8
2014-02-27 16:00:00	BANDE NERE	5.133333333333334
2014-02-27 17:00:00	BANDE NERE	4.533333333333333
2014-02-27 18:00:00	BANDE NERE	4.8
2014-02-27 19:00:00	BANDE NERE	4.333333333333333
2014-02-27 20:00:00	BANDE NERE	2.8666666666666667
2014-02-27 21:00:00	BANDE NERE	3.466666666666667
2014-02-27 22:00:00	BANDE NERE	3.066666666666667
2014-02-27 23:00:00	BANDE NERE	7.166666666666667
2014-02-28 00:00:00	BANDE NERE	8.266666666666667
2014-02-28 01:00:00	BANDE NERE	9.1
2014-02-28 02:00:00	BANDE NERE	12.5
2014-02-28 03:00:00	BANDE NERE	13.133333333333333
2014-02-28 04:00:00	BANDE NERE	13.233333333333333
2014-02-28 05:00:00	BANDE NERE	13.9
2014-02-28 06:00:00	BANDE NERE	13.066666666666666
2014-02-28 07:00:00	BANDE NERE	11.1
2014-02-28 08:00:00	BANDE NERE	9.666666666666666
2014-02-28 09:00:00	BANDE NERE	9.133333333333333
2014-02-28 10:00:00	BANDE NERE	9.333333333333334
2014-02-28 11:00:00	BANDE NERE	10.133333333333333
2014-02-28 12:00:00	BANDE NERE	8.7
2014-02-28 13:00:00	BANDE NERE	9.633333333333333
2014-02-28 14:00:00	BANDE NERE	7.9
2014-02-28 15:00:00	BANDE NERE	7.066666666666666
2014-02-28 16:00:00	BANDE NERE	6.3
2014-02-28 17:00:00	BANDE NERE	4.2
2014-02-28 18:00:00	BANDE NERE	3.1333333333333333
2014-02-28 19:00:00	BANDE NERE	4.633333333333334
2014-02-28 20:00:00	BANDE NERE	3.466666666666667
2014-02-28 21:00:00	BANDE NERE	1.6
2014-02-28 22:00:00	BANDE NERE	0.8666666666666667
2014-02-28 23:00:00	BANDE NERE	1.7666666666666666
2014-03-01 00:00:00	BANDE NERE	3.6
2014-03-01 01:00:00	BANDE NERE	4.5
2014-03-01 02:00:00	BANDE NERE	5.1
2014-03-01 03:00:00	BANDE NERE	8.266666666666667
2014-03-01 04:00:00	BANDE NERE	11.2
2014-03-01 05:00:00	BANDE NERE	10.866666666666667
2014-03-01 06:00:00	BANDE NERE	10.0
2014-03-01 07:00:00	BANDE NERE	8.633333333333333
2014-03-01 08:00:00	BANDE NERE	6.866666666666666
2014-03-01 09:00:00	BANDE NERE	3.966666666666667
2014-03-01 10:00:00	BANDE NERE	3.2333333333333334
2014-03-01 11:00:00	BANDE NERE	2.3
2014-03-01 12:00:00	BANDE NERE	3.566666666666667
2014-03-01 13:00:00	BANDE NERE	5.666666666666667
2014-03-01 14:00:00	BANDE NERE	6.1
2014-03-01 15:00:00	BANDE NERE	3.2666666666666666
2014-03-01 16:00:00	BANDE NERE	0.4
2014-03-01 17:00:00	BANDE NERE	0.7666666666666667
2014-03-01 18:00:00	BANDE NERE	0.4666666666666667
2014-03-01 19:00:00	BANDE NERE	1.1
2014-03-01 20:00:00	BANDE NERE	1.1
2014-03-01 21:00:00	BANDE NERE	2.1333333333333333
2014-03-01 22:00:00	BANDE NERE	1.1
2014-03-01 23:00:00	BANDE NERE	0.7333333333333333
2014-03-02 00:00:00	BANDE NERE	2.066666666666667
2014-03-02 01:00:00	BANDE NERE	2.2
2014-03-02 02:00:00	BANDE NERE	5.033333333333333
2014-03-02 03:00:00	BANDE NERE	6.933333333333334
2014-03-02 04:00:00	BANDE NERE	7.8
2014-03-02 05:00:00	BANDE NERE	7.666666666666667
2014-03-02 06:00:00	BANDE NERE	9.0
2014-03-02 07:00:00	BANDE NERE	9.0
2014-03-02 08:00:00	BANDE NERE	8.9
2014-03-02 09:00:00	BANDE NERE	6.6
2014-03-02 10:00:00	BANDE NERE	3.7333333333333334
2014-03-02 11:00:00	BANDE NERE	3.566666666666667
2014-03-02 12:00:00	BANDE NERE	1.4333333333333333
2014-03-02 13:00:00	BANDE NERE	3.7333333333333334
2014-03-02 14:00:00	BANDE NERE	5.966666666666667
2014-03-02 15:00:00	BANDE NERE	1.9333333333333333
2014-03-02 17:00:00	BANDE NERE	0.36666666666666664
2014-03-02 18:00:00	BANDE NERE	2.0
2014-03-02 19:00:00	BANDE NERE	1.7
2014-03-02 20:00:00	BANDE NERE	3.3
2014-03-02 21:00:00	BANDE NERE	6.1
2014-03-02 22:00:00	BANDE NERE	7.633333333333334
2014-03-02 23:00:00	BANDE NERE	8.833333333333334
2014-02-24 00:00:00	BARONA	3.033333333333333
2014-02-24 01:00:00	BARONA	2.433333333333333
2014-02-24 02:00:00	BARONA	3.033333333333333
2014-02-24 03:00:00	BARONA	3.566666666666667
2014-02-24 04:00:00	BARONA	4.0
2014-02-24 05:00:00	BARONA	4.0
2014-02-24 06:00:00	BARONA	3.7
2014-02-24 07:00:00	BARONA	2.6333333333333333
2014-02-24 08:00:00	BARONA	1.5
2014-02-24 09:00:00	BARONA	1.7
2014-02-24 10:00:00	BARONA	2.0
2014-02-24 11:00:00	BARONA	1.7333333333333334
2014-02-24 12:00:00	BARONA	1.3
2014-02-24 13:00:00	BARONA	1.5
2014-02-24 14:00:00	BARONA	1.2666666666666666
2014-02-24 15:00:00	BARONA	2.466666666666667
2014-02-24 16:00:00	BARONA	2.2333333333333334
2014-02-24 17:00:00	BARONA	4.466666666666667
2014-02-24 18:00:00	BARONA	4.733333333333333
2014-02-24 19:00:00	BARONA	4.2
2014-02-24 20:00:00	BARONA	3.6666666666666665
2014-02-24 21:00:00	BARONA	3.6
2014-02-24 22:00:00	BARONA	2.933333333333333
2014-02-24 23:00:00	BARONA	5.433333333333334
2014-02-25 00:00:00	BARONA	7.366666666666666
2014-02-25 01:00:00	BARONA	7.866666666666666
2014-02-25 02:00:00	BARONA	7.733333333333333
2014-02-25 03:00:00	BARONA	8.0
2014-02-25 04:00:00	BARONA	7.6
2014-02-25 05:00:00	BARONA	6.766666666666667
2014-02-25 06:00:00	BARONA	6.266666666666667
2014-02-25 07:00:00	BARONA	4.9
2014-02-25 08:00:00	BARONA	4.333333333333333
2014-02-25 09:00:00	BARONA	4.066666666666666
2014-02-25 10:00:00	BARONA	3.533333333333333
2014-02-25 11:00:00	BARONA	2.6
2014-02-25 12:00:00	BARONA	3.566666666666667
2014-02-25 13:00:00	BARONA	4.566666666666666
2014-02-25 14:00:00	BARONA	4.0
2014-02-25 15:00:00	BARONA	5.966666666666667
2014-02-25 16:00:00	BARONA	7.666666666666667
2014-02-25 17:00:00	BARONA	5.8
2014-02-25 18:00:00	BARONA	5.933333333333334
2014-02-25 19:00:00	BARONA	5.8
2014-02-25 20:00:00	BARONA	4.4
2014-02-25 21:00:00	BARONA	4.366666666666666
2014-02-25 22:00:00	BARONA	4.333333333333333
2014-02-25 23:00:00	BARONA	5.933333333333334
2014-02-26 00:00:00	BARONA	4.066666666666666
2014-02-26 01:00:00	BARONA	3.0
2014-02-26 02:00:00	BARONA	3.0
2014-02-26 03:00:00	BARONA	3.0
2014-02-26 04:00:00	BARONA	2.6333333333333333
2014-02-26 05:00:00	BARONA	2.0
2014-02-26 06:00:00	BARONA	1.3333333333333333
2014-02-26 07:00:00	BARONA	1.9
2014-02-26 08:00:00	BARONA	1.0
2014-02-26 09:00:00	BARONA	0.5333333333333333
2014-02-26 11:00:00	BARONA	0.6666666666666666
2014-02-26 12:00:00	BARONA	1.2333333333333334
2014-02-26 13:00:00	BARONA	1.0
2014-02-26 14:00:00	BARONA	1.6333333333333333
2014-02-26 15:00:00	BARONA	2.0
2014-02-26 16:00:00	BARONA	2.0
2014-02-26 17:00:00	BARONA	1.4
2014-02-26 18:00:00	BARONA	2.9
2014-02-26 19:00:00	BARONA	2.4
2014-02-26 20:00:00	BARONA	1.7666666666666666
2014-02-26 21:00:00	BARONA	1.9
2014-02-26 22:00:00	BARONA	2.3333333333333335
2014-02-26 23:00:00	BARONA	2.7666666666666666
2014-02-27 00:00:00	BARONA	1.7666666666666666
2014-02-27 01:00:00	BARONA	2.066666666666667
2014-02-27 02:00:00	BARONA	1.7
2014-02-27 03:00:00	BARONA	2.7
2014-02-27 04:00:00	BARONA	4.0
2014-02-27 05:00:00	BARONA	4.0
2014-02-27 06:00:00	BARONA	3.7
2014-02-27 07:00:00	BARONA	3.2666666666666666
2014-02-27 08:00:00	BARONA	4.0
2014-02-27 09:00:00	BARONA	3.8333333333333335
2014-02-27 10:00:00	BARONA	3.0
2014-02-27 11:00:00	BARONA	3.433333333333333
2014-02-27 12:00:00	BARONA	2.4
2014-02-27 13:00:00	BARONA	1.4666666666666666
2014-02-27 14:00:00	BARONA	1.7
2014-02-27 15:00:00	BARONA	2.8666666666666667
2014-02-27 16:00:00	BARONA	3.1
2014-02-27 17:00:00	BARONA	3.933333333333333
2014-02-27 18:00:00	BARONA	5.233333333333333
2014-02-27 19:00:00	BARONA	6.0
2014-02-27 20:00:00	BARONA	4.133333333333334
2014-02-27 21:00:00	BARONA	4.9
2014-02-27 22:00:00	BARONA	5.6
2014-02-27 23:00:00	BARONA	4.833333333333333
2014-02-28 00:00:00	BARONA	6.133333333333334
2014-02-28 01:00:00	BARONA	7.066666666666666
2014-02-28 02:00:00	BARONA	7.566666666666666
2014-02-28 03:00:00	BARONA	6.266666666666667
2014-02-28 04:00:00	BARONA	5.9
2014-02-28 05:00:00	BARONA	4.166666666666667
2014-02-28 06:00:00	BARONA	4.0
2014-02-28 07:00:00	BARONA	4.0
2014-02-28 08:00:00	BARONA	3.3666666666666667
2014-02-28 09:00:00	BARONA	3.0
2014-02-28 10:00:00	BARONA	2.8
2014-02-28 11:00:00	BARONA	2.3666666666666667
2014-02-28 12:00:00	BARONA	3.2333333333333334
2014-02-28 13:00:00	BARONA	3.2666666666666666
2014-02-28 14:00:00	BARONA	3.5
2014-02-28 15:00:00	BARONA	4.966666666666667
2014-02-28 16:00:00	BARONA	6.7
2014-02-28 17:00:00	BARONA	6.0
2014-02-28 18:00:00	BARONA	4.0
2014-02-28 19:00:00	BARONA	2.7
2014-02-28 20:00:00	BARONA	2.6333333333333333
2014-02-28 21:00:00	BARONA	2.433333333333333
2014-02-28 22:00:00	BARONA	3.3666666666666667
2014-02-28 23:00:00	BARONA	4.4
2014-03-01 00:00:00	BARONA	4.9
2014-03-01 01:00:00	BARONA	5.8
2014-03-01 02:00:00	BARONA	4.6
2014-03-01 03:00:00	BARONA	5.2
2014-03-01 04:00:00	BARONA	5.233333333333333
2014-03-01 05:00:00	BARONA	4.333333333333333
2014-03-01 06:00:00	BARONA	3.6666666666666665
2014-03-01 07:00:00	BARONA	3.8
2014-03-01 08:00:00	BARONA	4.0
2014-03-01 09:00:00	BARONA	4.0
2014-03-01 10:00:00	BARONA	4.166666666666667
2014-03-01 11:00:00	BARONA	3.2
2014-03-01 12:00:00	BARONA	3.9
2014-03-01 13:00:00	BARONA	2.4
2014-03-01 14:00:00	BARONA	1.1
2014-03-01 15:00:00	BARONA	1.0
2014-03-01 16:00:00	BARONA	0.8
2014-03-01 18:00:00	BARONA	0.6
2014-03-01 19:00:00	BARONA	0.7333333333333333
2014-03-01 22:00:00	BARONA	0.8666666666666667
2014-03-01 23:00:00	BARONA	1.0666666666666667
2014-03-02 00:00:00	BARONA	0.8666666666666667
2014-03-02 01:00:00	BARONA	2.7
2014-03-02 02:00:00	BARONA	4.2
2014-03-02 03:00:00	BARONA	5.866666666666666
2014-03-02 04:00:00	BARONA	5.633333333333334
2014-03-02 05:00:00	BARONA	4.5
2014-03-02 06:00:00	BARONA	4.933333333333334
2014-03-02 07:00:00	BARONA	5.0
2014-03-02 08:00:00	BARONA	4.966666666666667
2014-03-02 09:00:00	BARONA	5.2
2014-03-02 10:00:00	BARONA	4.433333333333334
2014-03-02 11:00:00	BARONA	3.966666666666667
2014-03-02 12:00:00	BARONA	3.8333333333333335
2014-03-02 13:00:00	BARONA	4.2
2014-03-02 14:00:00	BARONA	3.3666666666666667
2014-03-02 15:00:00	BARONA	3.2333333333333334
2014-03-02 16:00:00	BARONA	1.5
2014-03-02 17:00:00	BARONA	0.7
2014-03-02 18:00:00	BARONA	0.4
2014-03-02 19:00:00	BARONA	1.1666666666666667
2014-03-02 20:00:00	BARONA	2.0
2014-03-02 21:00:00	BARONA	0.8333333333333334
2014-03-02 22:00:00	BARONA	1.5
2014-03-02 23:00:00	BARONA	2.0
2014-02-24 00:00:00	BICOCCA	5.066666666666666
2014-02-24 01:00:00	BICOCCA	6.166666666666667
2014-02-24 02:00:00	BICOCCA	6.0
2014-02-24 03:00:00	BICOCCA	6.0
2014-02-24 04:00:00	BICOCCA	6.0
2014-02-24 05:00:00	BICOCCA	6.0
2014-02-24 06:00:00	BICOCCA	6.0
2014-02-24 07:00:00	BICOCCA	5.933333333333334
2014-02-24 08:00:00	BICOCCA	5.366666666666666
2014-02-24 09:00:00	BICOCCA	6.666666666666667
2014-02-24 10:00:00	BICOCCA	7.233333333333333
2014-02-24 11:00:00	BICOCCA	8.333333333333334
2014-02-24 12:00:00	BICOCCA	8.466666666666667
2014-02-24 13:00:00	BICOCCA	8.766666666666667
2014-02-24 14:00:00	BICOCCA	6.333333333333333
2014-02-24 15:00:00	BICOCCA	6.1
2014-02-24 16:00:00	BICOCCA	5.666666666666667
2014-02-24 17:00:00	BICOCCA	4.733333333333333
2014-02-24 18:00:00	BICOCCA	2.6333333333333333
2014-02-24 19:00:00	BICOCCA	0.8
2014-02-24 20:00:00	BICOCCA	1.6666666666666667
2014-02-24 21:00:00	BICOCCA	4.2
2014-02-24 22:00:00	BICOCCA	1.3333333333333333
2014-02-24 23:00:00	BICOCCA	2.1
2014-02-25 00:00:00	BICOCCA	1.4333333333333333
2014-02-25 07:00:00	BICOCCA	0.13333333333333333
2014-02-25 08:00:00	BICOCCA	1.2666666666666666
2014-02-25 09:00:00	BICOCCA	3.566666666666667
2014-02-25 10:00:00	BICOCCA	3.2
2014-02-25 11:00:00	BICOCCA	3.9
2014-02-25 12:00:00	BICOCCA	3.2333333333333334
2014-02-25 13:00:00	BICOCCA	3.7333333333333334
2014-02-25 14:00:00	BICOCCA	6.6
2014-02-25 15:00:00	BICOCCA	7.866666666666666
2014-02-25 16:00:00	BICOCCA	7.0
2014-02-25 17:00:00	BICOCCA	7.533333333333333
2014-02-25 18:00:00	BICOCCA	3.8666666666666667
2014-02-25 19:00:00	BICOCCA	2.7
2014-02-25 20:00:00	BICOCCA	0.9
2014-02-25 21:00:00	BICOCCA	2.566666666666667
2014-02-25 22:00:00	BICOCCA	3.0
2014-02-25 23:00:00	BICOCCA	2.6
2014-02-26 00:00:00	BICOCCA	1.2333333333333334
2014-02-26 01:00:00	BICOCCA	3.2
2014-02-26 02:00:00	BICOCCA	3.0
2014-02-26 03:00:00	BICOCCA	3.0
2014-02-26 04:00:00	BICOCCA	3.0
2014-02-26 05:00:00	BICOCCA	3.0
2014-02-26 06:00:00	BICOCCA	2.9
2014-02-26 07:00:00	BICOCCA	2.7
2014-02-26 08:00:00	BICOCCA	2.7666666666666666
2014-02-26 09:00:00	BICOCCA	4.133333333333334
2014-02-26 10:00:00	BICOCCA	4.8
2014-02-26 11:00:00	BICOCCA	4.9
2014-02-26 12:00:00	BICOCCA	6.0
2014-02-26 13:00:00	BICOCCA	4.1
2014-02-26 14:00:00	BICOCCA	3.8666666666666667
2014-02-26 15:00:00	BICOCCA	3.3333333333333335
2014-02-26 16:00:00	BICOCCA	3.7666666666666666
2014-02-26 17:00:00	BICOCCA	3.5
2014-02-26 18:00:00	BICOCCA	1.5666666666666667
2014-02-26 19:00:00	BICOCCA	1.6666666666666667
2014-02-26 20:00:00	BICOCCA	2.1
2014-02-26 21:00:00	BICOCCA	3.7666666666666666
2014-02-26 22:00:00	BICOCCA	2.6
2014-02-26 23:00:00	BICOCCA	4.233333333333333
2014-02-27 00:00:00	BICOCCA	4.2
2014-02-27 01:00:00	BICOCCA	3.2
2014-02-27 02:00:00	BICOCCA	4.5
2014-02-27 03:00:00	BICOCCA	4.0
2014-02-27 04:00:00	BICOCCA	4.0
2014-02-27 05:00:00	BICOCCA	4.0
2014-02-27 06:00:00	BICOCCA	4.0
2014-02-27 07:00:00	BICOCCA	3.7333333333333334
2014-02-27 08:00:00	BICOCCA	5.333333333333333
2014-02-27 09:00:00	BICOCCA	6.0
2014-02-27 10:00:00	BICOCCA	6.733333333333333
2014-02-27 11:00:00	BICOCCA	6.766666666666667
2014-02-27 12:00:00	BICOCCA	6.766666666666667
2014-02-27 13:00:00	BICOCCA	4.966666666666667
2014-02-27 14:00:00	BICOCCA	2.6666666666666665
2014-02-27 15:00:00	BICOCCA	4.466666666666667
2014-02-27 16:00:00	BICOCCA	5.166666666666667
2014-02-27 17:00:00	BICOCCA	5.066666666666666
2014-02-27 18:00:00	BICOCCA	4.2
2014-02-27 19:00:00	BICOCCA	2.466666666666667
2014-02-27 20:00:00	BICOCCA	5.2
2014-02-27 21:00:00	BICOCCA	4.666666666666667
2014-02-27 22:00:00	BICOCCA	3.3666666666666667
2014-02-27 23:00:00	BICOCCA	5.066666666666666
2014-02-28 00:00:00	BICOCCA	4.366666666666666
2014-02-28 01:00:00	BICOCCA	5.733333333333333
2014-02-28 02:00:00	BICOCCA	4.566666666666666
2014-02-28 03:00:00	BICOCCA	3.3666666666666667
2014-02-28 04:00:00	BICOCCA	3.0
2014-02-28 05:00:00	BICOCCA	3.0
2014-02-28 06:00:00	BICOCCA	2.466666666666667
2014-02-28 07:00:00	BICOCCA	1.8333333333333333
2014-02-28 08:00:00	BICOCCA	1.9
2014-02-28 09:00:00	BICOCCA	6.366666666666666
2014-02-28 10:00:00	BICOCCA	6.433333333333334
2014-02-28 11:00:00	BICOCCA	5.633333333333334
2014-02-28 12:00:00	BICOCCA	6.466666666666667
2014-02-28 13:00:00	BICOCCA	6.266666666666667
2014-02-28 14:00:00	BICOCCA	4.633333333333334
2014-02-28 15:00:00	BICOCCA	3.6666666666666665
2014-02-28 16:00:00	BICOCCA	3.533333333333333
2014-02-28 17:00:00	BICOCCA	2.2333333333333334
2014-02-28 18:00:00	BICOCCA	2.2
2014-02-28 19:00:00	BICOCCA	3.1666666666666665
2014-02-28 20:00:00	BICOCCA	3.466666666666667
2014-02-28 21:00:00	BICOCCA	4.5
2014-02-28 22:00:00	BICOCCA	7.4
2014-02-28 23:00:00	BICOCCA	8.7
2014-03-01 00:00:00	BICOCCA	7.266666666666667
2014-03-01 01:00:00	BICOCCA	4.7
2014-03-01 02:00:00	BICOCCA	4.2
2014-03-01 03:00:00	BICOCCA	5.633333333333334
2014-03-01 04:00:00	BICOCCA	5.033333333333333
2014-03-01 05:00:00	BICOCCA	5.0
2014-03-01 06:00:00	BICOCCA	4.466666666666667
2014-03-01 07:00:00	BICOCCA	4.566666666666666
2014-03-01 08:00:00	BICOCCA	2.3666666666666667
2014-03-01 09:00:00	BICOCCA	2.2666666666666666
2014-03-01 10:00:00	BICOCCA	1.2
2014-03-01 11:00:00	BICOCCA	0.8
2014-03-01 12:00:00	BICOCCA	0.9333333333333333
2014-03-01 13:00:00	BICOCCA	3.8333333333333335
2014-03-01 14:00:00	BICOCCA	3.7
2014-03-01 15:00:00	BICOCCA	2.9
2014-03-01 16:00:00	BICOCCA	4.033333333333333
2014-03-01 17:00:00	BICOCCA	1.9333333333333333
2014-03-01 18:00:00	BICOCCA	4.966666666666667
2014-03-01 19:00:00	BICOCCA	3.6666666666666665
2014-03-01 20:00:00	BICOCCA	3.9
2014-03-01 21:00:00	BICOCCA	6.3
2014-03-01 22:00:00	BICOCCA	7.666666666666667
2014-03-01 23:00:00	BICOCCA	5.933333333333334
2014-03-02 00:00:00	BICOCCA	3.7666666666666666
2014-03-02 01:00:00	BICOCCA	3.966666666666667
2014-03-02 02:00:00	BICOCCA	3.8333333333333335
2014-03-02 03:00:00	BICOCCA	3.8
2014-03-02 04:00:00	BICOCCA	3.0
2014-03-02 05:00:00	BICOCCA	2.6
2014-03-02 06:00:00	BICOCCA	3.0
2014-03-02 07:00:00	BICOCCA	2.1
2014-03-02 08:00:00	BICOCCA	2.0
2014-03-02 09:00:00	BICOCCA	2.433333333333333
2014-03-02 10:00:00	BICOCCA	2.966666666666667
2014-03-02 11:00:00	BICOCCA	1.4333333333333333
2014-03-02 12:00:00	BICOCCA	1.7333333333333334
2014-03-02 13:00:00	BICOCCA	3.2666666666666666
2014-03-02 14:00:00	BICOCCA	3.433333333333333
2014-03-02 15:00:00	BICOCCA	3.7666666666666666
2014-03-02 16:00:00	BICOCCA	3.4
2014-03-02 17:00:00	BICOCCA	2.4
2014-03-02 18:00:00	BICOCCA	2.066666666666667
2014-03-02 19:00:00	BICOCCA	1.7
2014-03-02 20:00:00	BICOCCA	0.9
2014-03-02 21:00:00	BICOCCA	0.4
2014-03-02 22:00:00	BICOCCA	1.4666666666666666
2014-03-02 23:00:00	BICOCCA	2.3
2014-02-24 00:00:00	BOVISA	11.266666666666667
2014-02-24 01:00:00	BOVISA	12.4
2014-02-24 02:00:00	BOVISA	13.0
2014-02-24 03:00:00	BOVISA	12.5
2014-02-24 04:00:00	BOVISA	12.0
2014-02-24 05:00:00	BOVISA	12.3
2014-02-24 06:00:00	BOVISA	13.0
2014-02-24 07:00:00	BOVISA	11.933333333333334
2014-02-24 08:00:00	BOVISA	11.6
2014-02-24 09:00:00	BOVISA	13.333333333333334
2014-02-24 10:00:00	BOVISA	13.5
2014-02-24 11:00:00	BOVISA	12.8
2014-02-24 12:00:00	BOVISA	11.933333333333334
2014-02-24 13:00:00	BOVISA	10.166666666666666
2014-02-24 14:00:00	BOVISA	8.266666666666667
2014-02-24 15:00:00	BOVISA	7.633333333333334
2014-02-24 16:00:00	BOVISA	6.6
2014-02-24 17:00:00	BOVISA	4.8
2014-02-24 18:00:00	BOVISA	5.0
2014-02-24 19:00:00	BOVISA	5.466666666666667
2014-02-24 20:00:00	BOVISA	5.433333333333334
2014-02-24 21:00:00	BOVISA	4.2
2014-02-24 22:00:00	BOVISA	2.3
2014-02-24 23:00:00	BOVISA	3.3
2014-02-25 00:00:00	BOVISA	5.0
2014-02-25 01:00:00	BOVISA	5.133333333333334
2014-02-25 02:00:00	BOVISA	5.8
2014-02-25 03:00:00	BOVISA	6.0
2014-02-25 04:00:00	BOVISA	5.066666666666666
2014-02-25 05:00:00	BOVISA	5.766666666666667
2014-02-25 06:00:00	BOVISA	6.0
2014-02-25 07:00:00	BOVISA	5.633333333333334
2014-02-25 08:00:00	BOVISA	4.6
2014-02-25 09:00:00	BOVISA	3.7666666666666666
2014-02-25 10:00:00	BOVISA	6.566666666666666
2014-02-25 11:00:00	BOVISA	5.9
2014-02-25 12:00:00	BOVISA	2.033333333333333
2014-02-25 13:00:00	BOVISA	1.0
2014-02-25 14:00:00	BOVISA	1.6
2014-02-25 15:00:00	BOVISA	2.0
2014-02-25 16:00:00	BOVISA	2.4
2014-02-25 17:00:00	BOVISA	1.9333333333333333
2014-02-25 18:00:00	BOVISA	2.533333333333333
2014-02-25 19:00:00	BOVISA	3.466666666666667
2014-02-25 20:00:00	BOVISA	4.466666666666667
2014-02-25 21:00:00	BOVISA	3.6333333333333333
2014-02-25 22:00:00	BOVISA	3.3333333333333335
2014-02-25 23:00:00	BOVISA	2.0
2014-02-26 00:00:00	BOVISA	1.8
2014-02-26 01:00:00	BOVISA	2.7
2014-02-26 02:00:00	BOVISA	3.0
2014-02-26 03:00:00	BOVISA	3.0
2014-02-26 04:00:00	BOVISA	3.0
2014-02-26 05:00:00	BOVISA	3.966666666666667
2014-02-26 06:00:00	BOVISA	5.0
2014-02-26 07:00:00	BOVISA	5.8
2014-02-26 08:00:00	BOVISA	4.666666666666667
2014-02-26 09:00:00	BOVISA	4.5
2014-02-26 10:00:00	BOVISA	4.566666666666666
2014-02-26 11:00:00	BOVISA	3.433333333333333
2014-02-26 12:00:00	BOVISA	1.1
2014-02-26 14:00:00	BOVISA	0.6
2014-02-26 15:00:00	BOVISA	1.4333333333333333
2014-02-26 16:00:00	BOVISA	0.13333333333333333
2014-02-26 17:00:00	BOVISA	1.0333333333333334
2014-02-26 19:00:00	BOVISA	0.03333333333333333
2014-02-26 20:00:00	BOVISA	0.1
2014-02-26 21:00:00	BOVISA	0.9333333333333333
2014-02-26 22:00:00	BOVISA	1.6333333333333333
2014-02-26 23:00:00	BOVISA	1.6333333333333333
2014-02-27 00:00:00	BOVISA	1.9666666666666666
2014-02-27 01:00:00	BOVISA	4.0
2014-02-27 02:00:00	BOVISA	4.0
2014-02-27 03:00:00	BOVISA	4.0
2014-02-27 04:00:00	BOVISA	4.0
2014-02-27 05:00:00	BOVISA	4.0
2014-02-27 06:00:00	BOVISA	3.6
2014-02-27 07:00:00	BOVISA	4.7
2014-02-27 08:00:00	BOVISA	3.466666666666667
2014-02-27 09:00:00	BOVISA	3.1333333333333333
2014-02-27 10:00:00	BOVISA	3.3
2014-02-27 11:00:00	BOVISA	5.533333333333333
2014-02-27 12:00:00	BOVISA	4.933333333333334
2014-02-27 13:00:00	BOVISA	3.1333333333333333
2014-02-27 14:00:00	BOVISA	2.6333333333333333
2014-02-27 15:00:00	BOVISA	3.433333333333333
2014-02-27 16:00:00	BOVISA	4.433333333333334
2014-02-27 17:00:00	BOVISA	3.4
2014-02-27 18:00:00	BOVISA	5.366666666666666
2014-02-27 19:00:00	BOVISA	3.533333333333333
2014-02-27 20:00:00	BOVISA	4.166666666666667
2014-02-27 21:00:00	BOVISA	2.2
2014-02-27 22:00:00	BOVISA	1.8666666666666667
2014-02-27 23:00:00	BOVISA	3.533333333333333
2014-02-28 00:00:00	BOVISA	4.933333333333334
2014-02-28 01:00:00	BOVISA	5.766666666666667
2014-02-28 02:00:00	BOVISA	5.566666666666666
2014-02-28 03:00:00	BOVISA	6.166666666666667
2014-02-28 04:00:00	BOVISA	7.933333333333334
2014-02-28 05:00:00	BOVISA	7.666666666666667
2014-02-28 06:00:00	BOVISA	7.0
2014-02-28 07:00:00	BOVISA	6.833333333333333
2014-02-28 08:00:00	BOVISA	3.8
2014-02-28 09:00:00	BOVISA	4.233333333333333
2014-02-28 10:00:00	BOVISA	5.2
2014-02-28 11:00:00	BOVISA	4.633333333333334
2014-02-28 12:00:00	BOVISA	3.0
2014-02-28 13:00:00	BOVISA	4.5
2014-02-28 14:00:00	BOVISA	5.8
2014-02-28 15:00:00	BOVISA	6.9
2014-02-28 16:00:00	BOVISA	8.566666666666666
2014-02-28 17:00:00	BOVISA	7.666666666666667
2014-02-28 18:00:00	BOVISA	5.3
2014-02-28 19:00:00	BOVISA	5.1
2014-02-28 20:00:00	BOVISA	1.4333333333333333
2014-02-28 21:00:00	BOVISA	0.1
2014-02-28 22:00:00	BOVISA	0.8
2014-02-28 23:00:00	BOVISA	1.0333333333333334
2014-03-01 00:00:00	BOVISA	2.433333333333333
2014-03-01 01:00:00	BOVISA	2.1
2014-03-01 02:00:00	BOVISA	2.6666666666666665
2014-03-01 03:00:00	BOVISA	3.466666666666667
2014-03-01 04:00:00	BOVISA	3.8666666666666667
2014-03-01 05:00:00	BOVISA	4.0
2014-03-01 06:00:00	BOVISA	4.2
2014-03-01 07:00:00	BOVISA	5.0
2014-03-01 08:00:00	BOVISA	4.133333333333334
2014-03-01 09:00:00	BOVISA	2.533333333333333
2014-03-01 10:00:00	BOVISA	2.2
2014-03-01 11:00:00	BOVISA	3.1666666666666665
2014-03-01 12:00:00	BOVISA	3.1
2014-03-01 13:00:00	BOVISA	2.5
2014-03-01 14:00:00	BOVISA	2.433333333333333
2014-03-01 15:00:00	BOVISA	1.8666666666666667
2014-03-01 16:00:00	BOVISA	1.2
2014-03-01 17:00:00	BOVISA	1.5
2014-03-01 18:00:00	BOVISA	2.8333333333333335
2014-03-01 19:00:00	BOVISA	5.066666666666666
2014-03-01 20:00:00	BOVISA	4.066666666666666
2014-03-01 21:00:00	BOVISA	6.1
2014-03-01 22:00:00	BOVISA	6.466666666666667
2014-03-01 23:00:00	BOVISA	6.833333333333333
2014-03-02 00:00:00	BOVISA	5.466666666666667
2014-03-02 01:00:00	BOVISA	4.866666666666666
2014-03-02 02:00:00	BOVISA	4.233333333333333
2014-03-02 03:00:00	BOVISA	5.533333333333333
2014-03-02 04:00:00	BOVISA	6.0
2014-03-02 05:00:00	BOVISA	4.0
2014-03-02 06:00:00	BOVISA	4.733333333333333
2014-03-02 07:00:00	BOVISA	4.0
2014-03-02 08:00:00	BOVISA	4.0
2014-03-02 09:00:00	BOVISA	4.133333333333334
2014-03-02 10:00:00	BOVISA	3.7666666666666666
2014-03-02 11:00:00	BOVISA	4.566666666666666
2014-03-02 12:00:00	BOVISA	2.433333333333333
2014-03-02 13:00:00	BOVISA	2.6666666666666665
2014-03-02 14:00:00	BOVISA	3.1
2014-03-02 15:00:00	BOVISA	3.6666666666666665
2014-03-02 16:00:00	BOVISA	3.466666666666667
2014-03-02 17:00:00	BOVISA	4.033333333333333
2014-03-02 18:00:00	BOVISA	2.0
2014-03-02 19:00:00	BOVISA	2.066666666666667
2014-03-02 20:00:00	BOVISA	2.7
2014-03-02 21:00:00	BOVISA	0.7666666666666667
2014-03-02 22:00:00	BOVISA	0.9666666666666667
2014-03-02 23:00:00	BOVISA	1.3333333333333333
2014-02-24 00:00:00	BOVISASCA	7.0
2014-02-24 01:00:00	BOVISASCA	7.0
2014-02-24 02:00:00	BOVISASCA	7.0
2014-02-24 03:00:00	BOVISASCA	7.0
2014-02-24 04:00:00	BOVISASCA	7.0
2014-02-24 05:00:00	BOVISASCA	6.4
2014-02-24 06:00:00	BOVISASCA	3.933333333333333
2014-02-24 07:00:00	BOVISASCA	3.0
2014-02-24 08:00:00	BOVISASCA	3.0
2014-02-24 09:00:00	BOVISASCA	2.7
2014-02-24 10:00:00	BOVISASCA	2.3
2014-02-24 11:00:00	BOVISASCA	2.0
2014-02-24 12:00:00	BOVISASCA	2.0
2014-02-24 13:00:00	BOVISASCA	2.0
2014-02-24 14:00:00	BOVISASCA	2.1333333333333333
2014-02-24 15:00:00	BOVISASCA	3.7666666666666666
2014-02-24 16:00:00	BOVISASCA	4.866666666666666
2014-02-24 17:00:00	BOVISASCA	4.766666666666667
2014-02-24 18:00:00	BOVISASCA	4.7
2014-02-24 19:00:00	BOVISASCA	4.8
2014-02-24 20:00:00	BOVISASCA	4.0
2014-02-24 21:00:00	BOVISASCA	2.933333333333333
2014-02-24 22:00:00	BOVISASCA	1.0666666666666667
2014-02-24 23:00:00	BOVISASCA	1.6
2014-02-25 00:00:00	BOVISASCA	2.0
2014-02-25 01:00:00	BOVISASCA	2.0
2014-02-25 02:00:00	BOVISASCA	1.3333333333333333
2014-02-25 03:00:00	BOVISASCA	1.0
2014-02-25 04:00:00	BOVISASCA	1.0
2014-02-25 05:00:00	BOVISASCA	0.9666666666666667
2014-02-25 06:00:00	BOVISASCA	1.0
2014-02-25 07:00:00	BOVISASCA	1.1666666666666667
2014-02-25 08:00:00	BOVISASCA	1.9
2014-02-25 09:00:00	BOVISASCA	1.0
2014-02-25 10:00:00	BOVISASCA	1.8666666666666667
2014-02-25 11:00:00	BOVISASCA	2.0
2014-02-25 12:00:00	BOVISASCA	2.0
2014-02-25 13:00:00	BOVISASCA	2.0
2014-02-25 14:00:00	BOVISASCA	2.0
2014-02-25 15:00:00	BOVISASCA	2.0
2014-02-25 16:00:00	BOVISASCA	2.0
2014-02-25 17:00:00	BOVISASCA	3.433333333333333
2014-02-25 18:00:00	BOVISASCA	4.633333333333334
2014-02-25 19:00:00	BOVISASCA	4.633333333333334
2014-02-25 20:00:00	BOVISASCA	4.0
2014-02-25 21:00:00	BOVISASCA	4.0
2014-02-25 22:00:00	BOVISASCA	3.7333333333333334
2014-02-25 23:00:00	BOVISASCA	3.0
2014-02-26 00:00:00	BOVISASCA	3.0
2014-02-26 01:00:00	BOVISASCA	3.0
2014-02-26 02:00:00	BOVISASCA	3.3333333333333335
2014-02-26 03:00:00	BOVISASCA	4.0
2014-02-26 04:00:00	BOVISASCA	4.3
2014-02-26 05:00:00	BOVISASCA	4.4
2014-02-26 06:00:00	BOVISASCA	3.8666666666666667
2014-02-26 07:00:00	BOVISASCA	3.0
2014-02-26 08:00:00	BOVISASCA	3.0
2014-02-26 09:00:00	BOVISASCA	3.0
2014-02-26 10:00:00	BOVISASCA	3.0
2014-02-26 11:00:00	BOVISASCA	3.0
2014-02-26 12:00:00	BOVISASCA	3.0
2014-02-26 13:00:00	BOVISASCA	3.0
2014-02-26 14:00:00	BOVISASCA	3.0
2014-02-26 15:00:00	BOVISASCA	3.0
2014-02-26 16:00:00	BOVISASCA	3.0
2014-02-26 17:00:00	BOVISASCA	5.233333333333333
2014-02-26 18:00:00	BOVISASCA	7.033333333333333
2014-02-26 19:00:00	BOVISASCA	6.033333333333333
2014-02-26 20:00:00	BOVISASCA	6.7
2014-02-26 21:00:00	BOVISASCA	5.3
2014-02-26 22:00:00	BOVISASCA	5.3
2014-02-26 23:00:00	BOVISASCA	7.166666666666667
2014-02-27 00:00:00	BOVISASCA	7.566666666666666
2014-02-27 01:00:00	BOVISASCA	7.0
2014-02-27 02:00:00	BOVISASCA	7.033333333333333
2014-02-27 03:00:00	BOVISASCA	7.0
2014-02-27 04:00:00	BOVISASCA	7.0
2014-02-27 05:00:00	BOVISASCA	7.0
2014-02-27 06:00:00	BOVISASCA	7.0
2014-02-27 07:00:00	BOVISASCA	6.966666666666667
2014-02-27 08:00:00	BOVISASCA	6.966666666666667
2014-02-27 09:00:00	BOVISASCA	8.6
2014-02-27 10:00:00	BOVISASCA	9.0
2014-02-27 11:00:00	BOVISASCA	8.666666666666666
2014-02-27 12:00:00	BOVISASCA	8.1
2014-02-27 13:00:00	BOVISASCA	9.0
2014-02-27 14:00:00	BOVISASCA	6.533333333333333
2014-02-27 15:00:00	BOVISASCA	9.0
2014-02-27 16:00:00	BOVISASCA	9.0
2014-02-27 17:00:00	BOVISASCA	8.766666666666667
2014-02-27 18:00:00	BOVISASCA	7.766666666666667
2014-02-27 19:00:00	BOVISASCA	7.733333333333333
2014-02-27 20:00:00	BOVISASCA	7.9
2014-02-27 21:00:00	BOVISASCA	5.766666666666667
2014-02-27 22:00:00	BOVISASCA	5.666666666666667
2014-02-27 23:00:00	BOVISASCA	6.933333333333334
2014-02-28 00:00:00	BOVISASCA	7.0
2014-02-28 01:00:00	BOVISASCA	7.366666666666666
2014-02-28 02:00:00	BOVISASCA	8.0
2014-02-28 03:00:00	BOVISASCA	8.0
2014-02-28 04:00:00	BOVISASCA	8.0
2014-02-28 05:00:00	BOVISASCA	8.0
2014-02-28 06:00:00	BOVISASCA	8.0
2014-02-28 07:00:00	BOVISASCA	7.4
2014-02-28 08:00:00	BOVISASCA	6.166666666666667
2014-02-28 09:00:00	BOVISASCA	6.0
2014-02-28 10:00:00	BOVISASCA	5.4
2014-02-28 11:00:00	BOVISASCA	4.833333333333333
2014-02-28 12:00:00	BOVISASCA	4.6
2014-02-28 13:00:00	BOVISASCA	4.0
2014-02-28 14:00:00	BOVISASCA	3.2666666666666666
2014-02-28 15:00:00	BOVISASCA	3.0
2014-02-28 16:00:00	BOVISASCA	3.6
2014-02-28 17:00:00	BOVISASCA	3.566666666666667
2014-02-28 18:00:00	BOVISASCA	3.6333333333333333
2014-02-28 19:00:00	BOVISASCA	5.0
2014-02-28 20:00:00	BOVISASCA	5.8
2014-02-28 21:00:00	BOVISASCA	4.866666666666666
2014-02-28 22:00:00	BOVISASCA	5.833333333333333
2014-02-28 23:00:00	BOVISASCA	5.2
2014-03-01 00:00:00	BOVISASCA	4.333333333333333
2014-03-01 01:00:00	BOVISASCA	4.0
2014-03-01 02:00:00	BOVISASCA	3.066666666666667
2014-03-01 03:00:00	BOVISASCA	4.066666666666666
2014-03-01 04:00:00	BOVISASCA	5.0
2014-03-01 05:00:00	BOVISASCA	4.966666666666667
2014-03-01 06:00:00	BOVISASCA	4.833333333333333
2014-03-01 07:00:00	BOVISASCA	5.866666666666666
2014-03-01 08:00:00	BOVISASCA	5.0
2014-03-01 09:00:00	BOVISASCA	5.133333333333334
2014-03-01 10:00:00	BOVISASCA	5.1
2014-03-01 11:00:00	BOVISASCA	4.866666666666666
2014-03-01 12:00:00	BOVISASCA	5.0
2014-03-01 13:00:00	BOVISASCA	5.2
2014-03-01 14:00:00	BOVISASCA	4.866666666666666
2014-03-01 15:00:00	BOVISASCA	3.6666666666666665
2014-03-01 16:00:00	BOVISASCA	5.0
2014-03-01 17:00:00	BOVISASCA	5.033333333333333
2014-03-01 18:00:00	BOVISASCA	6.0
2014-03-01 19:00:00	BOVISASCA	5.833333333333333
2014-03-01 20:00:00	BOVISASCA	5.0
2014-03-01 21:00:00	BOVISASCA	5.0
2014-03-01 22:00:00	BOVISASCA	5.0
2014-03-01 23:00:00	BOVISASCA	5.0
2014-03-02 00:00:00	BOVISASCA	5.733333333333333
2014-03-02 01:00:00	BOVISASCA	6.0
2014-03-02 02:00:00	BOVISASCA	6.666666666666667
2014-03-02 03:00:00	BOVISASCA	7.0
2014-03-02 04:00:00	BOVISASCA	7.0
2014-03-02 05:00:00	BOVISASCA	6.066666666666666
2014-03-02 06:00:00	BOVISASCA	7.0
2014-03-02 07:00:00	BOVISASCA	7.0
2014-03-02 08:00:00	BOVISASCA	7.933333333333334
2014-03-02 09:00:00	BOVISASCA	8.0
2014-03-02 10:00:00	BOVISASCA	7.866666666666666
2014-03-02 11:00:00	BOVISASCA	7.066666666666666
2014-03-02 12:00:00	BOVISASCA	7.0
2014-03-02 13:00:00	BOVISASCA	7.0
2014-03-02 14:00:00	BOVISASCA	7.433333333333334
2014-03-02 15:00:00	BOVISASCA	7.3
2014-03-02 16:00:00	BOVISASCA	7.333333333333333
2014-03-02 17:00:00	BOVISASCA	7.133333333333334
2014-03-02 18:00:00	BOVISASCA	7.0
2014-03-02 19:00:00	BOVISASCA	6.1
2014-03-02 20:00:00	BOVISASCA	5.966666666666667
2014-03-02 21:00:00	BOVISASCA	5.0
2014-03-02 22:00:00	BOVISASCA	3.8666666666666667
2014-03-02 23:00:00	BOVISASCA	3.0
2014-02-24 00:00:00	BRERA	0.1
2014-02-24 06:00:00	BRERA	0.6666666666666666
2014-02-24 07:00:00	BRERA	2.933333333333333
2014-02-24 08:00:00	BRERA	4.8
2014-02-24 09:00:00	BRERA	11.5
2014-02-24 10:00:00	BRERA	15.233333333333333
2014-02-24 11:00:00	BRERA	16.333333333333332
2014-02-24 12:00:00	BRERA	16.5
2014-02-24 13:00:00	BRERA	15.6
2014-02-24 14:00:00	BRERA	16.133333333333333
2014-02-24 15:00:00	BRERA	16.033333333333335
2014-02-24 16:00:00	BRERA	15.2
2014-02-24 17:00:00	BRERA	10.9
2014-02-24 18:00:00	BRERA	1.8
2014-02-24 19:00:00	BRERA	1.1333333333333333
2014-02-24 20:00:00	BRERA	0.4666666666666667
2014-02-24 21:00:00	BRERA	0.4
2014-02-24 22:00:00	BRERA	0.3
2014-02-24 23:00:00	BRERA	0.23333333333333334
2014-02-25 06:00:00	BRERA	0.43333333333333335
2014-02-25 07:00:00	BRERA	1.5666666666666667
2014-02-25 08:00:00	BRERA	5.133333333333334
2014-02-25 09:00:00	BRERA	6.866666666666666
2014-02-25 10:00:00	BRERA	9.333333333333334
2014-02-25 11:00:00	BRERA	15.433333333333334
2014-02-25 12:00:00	BRERA	6.533333333333333
2014-02-25 13:00:00	BRERA	2.7
2014-02-25 14:00:00	BRERA	6.9
2014-02-25 15:00:00	BRERA	10.933333333333334
2014-02-25 16:00:00	BRERA	9.0
2014-02-25 17:00:00	BRERA	2.066666666666667
2014-02-25 18:00:00	BRERA	0.1
2014-02-25 19:00:00	BRERA	0.9666666666666667
2014-02-25 20:00:00	BRERA	0.6666666666666666
2014-02-25 21:00:00	BRERA	0.26666666666666666
2014-02-25 22:00:00	BRERA	0.3333333333333333
2014-02-25 23:00:00	BRERA	0.23333333333333334
2014-02-26 00:00:00	BRERA	0.5666666666666667
2014-02-26 01:00:00	BRERA	0.5666666666666667
2014-02-26 02:00:00	BRERA	0.13333333333333333
2014-02-26 04:00:00	BRERA	0.06666666666666667
2014-02-26 05:00:00	BRERA	0.5333333333333333
2014-02-26 06:00:00	BRERA	3.033333333333333
2014-02-26 07:00:00	BRERA	5.4
2014-02-26 08:00:00	BRERA	6.0
2014-02-26 09:00:00	BRERA	13.6
2014-02-26 10:00:00	BRERA	23.066666666666666
2014-02-26 11:00:00	BRERA	20.3
2014-02-26 12:00:00	BRERA	21.066666666666666
2014-02-26 13:00:00	BRERA	22.633333333333333
2014-02-26 14:00:00	BRERA	18.4
2014-02-26 15:00:00	BRERA	15.533333333333333
2014-02-26 16:00:00	BRERA	8.166666666666666
2014-02-26 17:00:00	BRERA	2.5
2014-02-26 18:00:00	BRERA	2.2
2014-02-26 19:00:00	BRERA	0.5666666666666667
2014-02-26 20:00:00	BRERA	0.16666666666666666
2014-02-26 21:00:00	BRERA	0.6333333333333333
2014-02-26 22:00:00	BRERA	0.8333333333333334
2014-02-26 23:00:00	BRERA	0.9
2014-02-27 00:00:00	BRERA	0.9
2014-02-27 01:00:00	BRERA	0.4
2014-02-27 02:00:00	BRERA	0.13333333333333333
2014-02-27 06:00:00	BRERA	0.06666666666666667
2014-02-27 07:00:00	BRERA	0.8
2014-02-27 08:00:00	BRERA	2.566666666666667
2014-02-27 09:00:00	BRERA	7.266666666666667
2014-02-27 10:00:00	BRERA	11.2
2014-02-27 11:00:00	BRERA	10.233333333333333
2014-02-27 12:00:00	BRERA	7.333333333333333
2014-02-27 13:00:00	BRERA	6.333333333333333
2014-02-27 14:00:00	BRERA	3.6333333333333333
2014-02-27 15:00:00	BRERA	5.666666666666667
2014-02-27 16:00:00	BRERA	3.1
2014-02-27 17:00:00	BRERA	2.3666666666666667
2014-02-27 18:00:00	BRERA	0.5333333333333333
2014-02-27 19:00:00	BRERA	0.2
2014-02-27 20:00:00	BRERA	0.13333333333333333
2014-02-27 21:00:00	BRERA	1.0333333333333334
2014-02-27 22:00:00	BRERA	0.8
2014-02-27 23:00:00	BRERA	0.4666666666666667
2014-02-28 00:00:00	BRERA	0.16666666666666666
2014-02-28 01:00:00	BRERA	0.23333333333333334
2014-02-28 02:00:00	BRERA	0.23333333333333334
2014-02-28 03:00:00	BRERA	0.1
2014-02-28 07:00:00	BRERA	1.2333333333333334
2014-02-28 08:00:00	BRERA	4.366666666666666
2014-02-28 09:00:00	BRERA	9.366666666666667
2014-02-28 10:00:00	BRERA	14.766666666666667
2014-02-28 11:00:00	BRERA	13.766666666666667
2014-02-28 12:00:00	BRERA	13.166666666666666
2014-02-28 13:00:00	BRERA	9.333333333333334
2014-02-28 14:00:00	BRERA	5.466666666666667
2014-02-28 15:00:00	BRERA	4.3
2014-02-28 16:00:00	BRERA	4.066666666666666
2014-02-28 17:00:00	BRERA	2.1333333333333333
2014-02-28 18:00:00	BRERA	0.13333333333333333
2014-02-28 20:00:00	BRERA	0.5333333333333333
2014-02-28 21:00:00	BRERA	0.4666666666666667
2014-02-28 22:00:00	BRERA	2.2333333333333334
2014-02-28 23:00:00	BRERA	0.5
2014-03-01 00:00:00	BRERA	0.5333333333333333
2014-03-01 01:00:00	BRERA	0.1
2014-03-01 02:00:00	BRERA	0.1
2014-03-01 03:00:00	BRERA	0.06666666666666667
2014-03-01 04:00:00	BRERA	0.5666666666666667
2014-03-01 05:00:00	BRERA	0.4666666666666667
2014-03-01 06:00:00	BRERA	1.0
2014-03-01 07:00:00	BRERA	0.7666666666666667
2014-03-01 08:00:00	BRERA	4.433333333333334
2014-03-01 09:00:00	BRERA	7.333333333333333
2014-03-01 10:00:00	BRERA	9.3
2014-03-01 11:00:00	BRERA	11.5
2014-03-01 12:00:00	BRERA	9.8
2014-03-01 13:00:00	BRERA	10.466666666666667
2014-03-01 14:00:00	BRERA	10.2
2014-03-01 15:00:00	BRERA	7.1
2014-03-01 16:00:00	BRERA	9.733333333333333
2014-03-01 17:00:00	BRERA	6.733333333333333
2014-03-01 18:00:00	BRERA	3.8333333333333335
2014-03-01 19:00:00	BRERA	1.0666666666666667
2014-03-01 20:00:00	BRERA	1.6666666666666667
2014-03-01 21:00:00	BRERA	5.733333333333333
2014-03-01 22:00:00	BRERA	3.6
2014-03-01 23:00:00	BRERA	0.8666666666666667
2014-03-02 00:00:00	BRERA	0.36666666666666664
2014-03-02 01:00:00	BRERA	0.36666666666666664
2014-03-02 02:00:00	BRERA	0.16666666666666666
2014-03-02 03:00:00	BRERA	0.06666666666666667
2014-03-02 06:00:00	BRERA	1.6333333333333333
2014-03-02 07:00:00	BRERA	3.7666666666666666
2014-03-02 08:00:00	BRERA	4.166666666666667
2014-03-02 09:00:00	BRERA	6.266666666666667
2014-03-02 10:00:00	BRERA	12.366666666666667
2014-03-02 11:00:00	BRERA	14.166666666666666
2014-03-02 12:00:00	BRERA	12.666666666666666
2014-03-02 13:00:00	BRERA	6.966666666666667
2014-03-02 14:00:00	BRERA	5.166666666666667
2014-03-02 15:00:00	BRERA	5.933333333333334
2014-03-02 16:00:00	BRERA	2.6
2014-03-02 17:00:00	BRERA	3.6333333333333333
2014-03-02 18:00:00	BRERA	0.8333333333333334
2014-03-02 19:00:00	BRERA	0.3333333333333333
2014-03-02 20:00:00	BRERA	1.9333333333333333
2014-03-02 21:00:00	BRERA	0.9666666666666667
2014-03-02 22:00:00	BRERA	0.1
2014-03-02 23:00:00	BRERA	0.26666666666666666
2014-02-24 00:00:00	BRUZZANO	4.0
2014-02-24 01:00:00	BRUZZANO	3.966666666666667
2014-02-24 02:00:00	BRUZZANO	3.0
2014-02-24 03:00:00	BRUZZANO	3.0
2014-02-24 04:00:00	BRUZZANO	3.0
2014-02-24 05:00:00	BRUZZANO	3.0
2014-02-24 06:00:00	BRUZZANO	3.0
2014-02-24 07:00:00	BRUZZANO	2.3
2014-02-24 08:00:00	BRUZZANO	0.8
2014-02-24 14:00:00	BRUZZANO	0.4
2014-02-24 15:00:00	BRUZZANO	1.0
2014-02-24 18:00:00	BRUZZANO	0.16666666666666666
2014-02-24 19:00:00	BRUZZANO	1.3333333333333333
2014-02-24 20:00:00	BRUZZANO	2.533333333333333
2014-02-24 21:00:00	BRUZZANO	3.0
2014-02-24 22:00:00	BRUZZANO	1.6
2014-02-24 23:00:00	BRUZZANO	2.4
2014-02-25 00:00:00	BRUZZANO	3.0
2014-02-25 01:00:00	BRUZZANO	3.0
2014-02-25 02:00:00	BRUZZANO	2.9
2014-02-25 03:00:00	BRUZZANO	3.0
2014-02-25 04:00:00	BRUZZANO	3.0
2014-02-25 05:00:00	BRUZZANO	2.966666666666667
2014-02-25 06:00:00	BRUZZANO	4.0
2014-02-25 07:00:00	BRUZZANO	4.0
2014-02-25 08:00:00	BRUZZANO	3.466666666666667
2014-02-25 09:00:00	BRUZZANO	3.933333333333333
2014-02-25 10:00:00	BRUZZANO	4.0
2014-02-25 11:00:00	BRUZZANO	3.7666666666666666
2014-02-25 12:00:00	BRUZZANO	2.0
2014-02-25 13:00:00	BRUZZANO	3.8333333333333335
2014-02-25 14:00:00	BRUZZANO	4.1
2014-02-25 15:00:00	BRUZZANO	3.8666666666666667
2014-02-25 16:00:00	BRUZZANO	3.0
2014-02-25 17:00:00	BRUZZANO	2.7333333333333334
2014-02-25 18:00:00	BRUZZANO	2.1
2014-02-25 19:00:00	BRUZZANO	3.4
2014-02-25 20:00:00	BRUZZANO	4.0
2014-02-25 21:00:00	BRUZZANO	4.0
2014-02-25 22:00:00	BRUZZANO	4.0
2014-02-25 23:00:00	BRUZZANO	3.8666666666666667
2014-02-26 00:00:00	BRUZZANO	3.0
2014-02-26 01:00:00	BRUZZANO	3.0
2014-02-26 02:00:00	BRUZZANO	3.0
2014-02-26 03:00:00	BRUZZANO	3.0
2014-02-26 04:00:00	BRUZZANO	3.0
2014-02-26 05:00:00	BRUZZANO	3.0
2014-02-26 06:00:00	BRUZZANO	3.0
2014-02-26 07:00:00	BRUZZANO	3.0
2014-02-26 08:00:00	BRUZZANO	2.933333333333333
2014-02-26 09:00:00	BRUZZANO	1.8666666666666667
2014-02-26 10:00:00	BRUZZANO	2.0
2014-02-26 11:00:00	BRUZZANO	2.433333333333333
2014-02-26 12:00:00	BRUZZANO	3.0
2014-02-26 13:00:00	BRUZZANO	2.8666666666666667
2014-02-26 14:00:00	BRUZZANO	1.9666666666666666
2014-02-26 15:00:00	BRUZZANO	1.9
2014-02-26 16:00:00	BRUZZANO	2.3
2014-02-26 17:00:00	BRUZZANO	3.0
2014-02-26 18:00:00	BRUZZANO	2.9
2014-02-26 19:00:00	BRUZZANO	3.0
2014-02-26 20:00:00	BRUZZANO	2.2333333333333334
2014-02-26 21:00:00	BRUZZANO	4.366666666666666
2014-02-26 22:00:00	BRUZZANO	5.0
2014-02-26 23:00:00	BRUZZANO	4.866666666666666
2014-02-27 00:00:00	BRUZZANO	4.0
2014-02-27 01:00:00	BRUZZANO	4.266666666666667
2014-02-27 02:00:00	BRUZZANO	5.0
2014-02-27 03:00:00	BRUZZANO	5.0
2014-02-27 04:00:00	BRUZZANO	5.0
2014-02-27 05:00:00	BRUZZANO	5.0
2014-02-27 06:00:00	BRUZZANO	5.0
2014-02-27 07:00:00	BRUZZANO	5.0
2014-02-27 08:00:00	BRUZZANO	4.333333333333333
2014-02-27 09:00:00	BRUZZANO	3.033333333333333
2014-02-27 10:00:00	BRUZZANO	3.0
2014-02-27 11:00:00	BRUZZANO	2.8
2014-02-27 12:00:00	BRUZZANO	2.0
2014-02-27 13:00:00	BRUZZANO	2.0
2014-02-27 14:00:00	BRUZZANO	0.8
2014-02-27 15:00:00	BRUZZANO	1.0
2014-02-27 16:00:00	BRUZZANO	1.0
2014-02-27 17:00:00	BRUZZANO	1.0
2014-02-27 18:00:00	BRUZZANO	0.3
2014-02-27 19:00:00	BRUZZANO	0.4
2014-02-27 20:00:00	BRUZZANO	1.0333333333333334
2014-02-27 21:00:00	BRUZZANO	1.5666666666666667
2014-02-27 22:00:00	BRUZZANO	2.466666666666667
2014-02-27 23:00:00	BRUZZANO	4.0
2014-02-28 00:00:00	BRUZZANO	4.366666666666666
2014-02-28 01:00:00	BRUZZANO	4.833333333333333
2014-02-28 02:00:00	BRUZZANO	5.0
2014-02-28 03:00:00	BRUZZANO	5.0
2014-02-28 04:00:00	BRUZZANO	5.0
2014-02-28 05:00:00	BRUZZANO	5.0
2014-02-28 06:00:00	BRUZZANO	4.133333333333334
2014-02-28 07:00:00	BRUZZANO	4.0
2014-02-28 08:00:00	BRUZZANO	4.0
2014-02-28 09:00:00	BRUZZANO	3.433333333333333
2014-02-28 10:00:00	BRUZZANO	3.8666666666666667
2014-02-28 11:00:00	BRUZZANO	4.333333333333333
2014-02-28 12:00:00	BRUZZANO	4.933333333333334
2014-02-28 13:00:00	BRUZZANO	4.766666666666667
2014-02-28 14:00:00	BRUZZANO	4.566666666666666
2014-02-28 15:00:00	BRUZZANO	4.0
2014-02-28 16:00:00	BRUZZANO	3.5
2014-02-28 17:00:00	BRUZZANO	3.0
2014-02-28 18:00:00	BRUZZANO	3.0
2014-02-28 19:00:00	BRUZZANO	1.3666666666666667
2014-02-28 20:00:00	BRUZZANO	1.2666666666666666
2014-02-28 21:00:00	BRUZZANO	2.066666666666667
2014-02-28 22:00:00	BRUZZANO	3.6333333333333333
2014-02-28 23:00:00	BRUZZANO	4.066666666666666
2014-03-01 00:00:00	BRUZZANO	5.0
2014-03-01 01:00:00	BRUZZANO	6.1
2014-03-01 02:00:00	BRUZZANO	5.666666666666667
2014-03-01 03:00:00	BRUZZANO	6.933333333333334
2014-03-01 04:00:00	BRUZZANO	7.933333333333334
2014-03-01 05:00:00	BRUZZANO	8.0
2014-03-01 06:00:00	BRUZZANO	7.966666666666667
2014-03-01 07:00:00	BRUZZANO	7.0
2014-03-01 08:00:00	BRUZZANO	7.0
2014-03-01 09:00:00	BRUZZANO	6.633333333333334
2014-03-01 10:00:00	BRUZZANO	5.6
2014-03-01 11:00:00	BRUZZANO	5.0
2014-03-01 12:00:00	BRUZZANO	5.0
2014-03-01 13:00:00	BRUZZANO	4.6
2014-03-01 14:00:00	BRUZZANO	3.7333333333333334
2014-03-01 15:00:00	BRUZZANO	4.0
2014-03-01 16:00:00	BRUZZANO	3.1
2014-03-01 17:00:00	BRUZZANO	4.433333333333334
2014-03-01 18:00:00	BRUZZANO	5.0
2014-03-01 19:00:00	BRUZZANO	5.0
2014-03-01 20:00:00	BRUZZANO	5.0
2014-03-01 21:00:00	BRUZZANO	3.7333333333333334
2014-03-01 22:00:00	BRUZZANO	3.0
2014-03-01 23:00:00	BRUZZANO	3.0
2014-03-02 00:00:00	BRUZZANO	3.0
2014-03-02 01:00:00	BRUZZANO	4.366666666666666
2014-03-02 02:00:00	BRUZZANO	5.733333333333333
2014-03-02 03:00:00	BRUZZANO	6.0
2014-03-02 04:00:00	BRUZZANO	6.0
2014-03-02 05:00:00	BRUZZANO	5.2
2014-03-02 06:00:00	BRUZZANO	6.0
2014-03-02 07:00:00	BRUZZANO	6.0
2014-03-02 08:00:00	BRUZZANO	6.0
2014-03-02 09:00:00	BRUZZANO	6.0
2014-03-02 10:00:00	BRUZZANO	4.9
2014-03-02 11:00:00	BRUZZANO	3.0
2014-03-02 12:00:00	BRUZZANO	3.6333333333333333
2014-03-02 13:00:00	BRUZZANO	4.666666666666667
2014-03-02 14:00:00	BRUZZANO	3.6
2014-03-02 15:00:00	BRUZZANO	3.0
2014-03-02 16:00:00	BRUZZANO	3.066666666666667
2014-03-02 17:00:00	BRUZZANO	3.5
2014-03-02 18:00:00	BRUZZANO	3.7
2014-03-02 19:00:00	BRUZZANO	4.2
2014-03-02 20:00:00	BRUZZANO	5.0
2014-03-02 21:00:00	BRUZZANO	5.0
2014-03-02 22:00:00	BRUZZANO	5.233333333333333
2014-03-02 23:00:00	BRUZZANO	6.1
2014-02-24 00:00:00	BUENOS AIRES - VENEZIA	2.3666666666666667
2014-02-24 01:00:00	BUENOS AIRES - VENEZIA	6.766666666666667
2014-02-24 02:00:00	BUENOS AIRES - VENEZIA	9.033333333333333
2014-02-24 03:00:00	BUENOS AIRES - VENEZIA	8.066666666666666
2014-02-24 04:00:00	BUENOS AIRES - VENEZIA	6.533333333333333
2014-02-24 05:00:00	BUENOS AIRES - VENEZIA	5.333333333333333
2014-02-24 06:00:00	BUENOS AIRES - VENEZIA	5.1
2014-02-24 07:00:00	BUENOS AIRES - VENEZIA	4.133333333333334
2014-02-24 08:00:00	BUENOS AIRES - VENEZIA	1.3
2014-02-24 09:00:00	BUENOS AIRES - VENEZIA	2.6
2014-02-24 10:00:00	BUENOS AIRES - VENEZIA	3.6
2014-02-24 11:00:00	BUENOS AIRES - VENEZIA	1.1666666666666667
2014-02-24 12:00:00	BUENOS AIRES - VENEZIA	3.8333333333333335
2014-02-24 13:00:00	BUENOS AIRES - VENEZIA	9.4
2014-02-24 14:00:00	BUENOS AIRES - VENEZIA	10.3
2014-02-24 15:00:00	BUENOS AIRES - VENEZIA	8.466666666666667
2014-02-24 16:00:00	BUENOS AIRES - VENEZIA	7.533333333333333
2014-02-24 17:00:00	BUENOS AIRES - VENEZIA	5.966666666666667
2014-02-24 18:00:00	BUENOS AIRES - VENEZIA	5.233333333333333
2014-02-24 19:00:00	BUENOS AIRES - VENEZIA	4.766666666666667
2014-02-24 20:00:00	BUENOS AIRES - VENEZIA	1.9666666666666666
2014-02-24 21:00:00	BUENOS AIRES - VENEZIA	1.7666666666666666
2014-02-24 22:00:00	BUENOS AIRES - VENEZIA	1.2666666666666666
2014-02-24 23:00:00	BUENOS AIRES - VENEZIA	3.033333333333333
2014-02-25 00:00:00	BUENOS AIRES - VENEZIA	3.0
2014-02-25 01:00:00	BUENOS AIRES - VENEZIA	3.7666666666666666
2014-02-25 02:00:00	BUENOS AIRES - VENEZIA	3.2666666666666666
2014-02-25 03:00:00	BUENOS AIRES - VENEZIA	4.1
2014-02-25 04:00:00	BUENOS AIRES - VENEZIA	4.2
2014-02-25 05:00:00	BUENOS AIRES - VENEZIA	3.8666666666666667
2014-02-25 06:00:00	BUENOS AIRES - VENEZIA	3.8666666666666667
2014-02-25 07:00:00	BUENOS AIRES - VENEZIA	2.566666666666667
2014-02-25 08:00:00	BUENOS AIRES - VENEZIA	1.8
2014-02-25 09:00:00	BUENOS AIRES - VENEZIA	3.5
2014-02-25 10:00:00	BUENOS AIRES - VENEZIA	3.2666666666666666
2014-02-25 11:00:00	BUENOS AIRES - VENEZIA	3.4
2014-02-25 12:00:00	BUENOS AIRES - VENEZIA	2.7333333333333334
2014-02-25 13:00:00	BUENOS AIRES - VENEZIA	3.6
2014-02-25 14:00:00	BUENOS AIRES - VENEZIA	2.0
2014-02-25 15:00:00	BUENOS AIRES - VENEZIA	2.8333333333333335
2014-02-25 16:00:00	BUENOS AIRES - VENEZIA	2.433333333333333
2014-02-25 17:00:00	BUENOS AIRES - VENEZIA	5.233333333333333
2014-02-25 18:00:00	BUENOS AIRES - VENEZIA	6.9
2014-02-25 19:00:00	BUENOS AIRES - VENEZIA	4.466666666666667
2014-02-25 20:00:00	BUENOS AIRES - VENEZIA	3.3
2014-02-25 21:00:00	BUENOS AIRES - VENEZIA	1.9
2014-02-25 22:00:00	BUENOS AIRES - VENEZIA	2.6
2014-02-25 23:00:00	BUENOS AIRES - VENEZIA	1.9666666666666666
2014-02-26 00:00:00	BUENOS AIRES - VENEZIA	1.3
2014-02-26 01:00:00	BUENOS AIRES - VENEZIA	0.7666666666666667
2014-02-26 02:00:00	BUENOS AIRES - VENEZIA	4.133333333333334
2014-02-26 03:00:00	BUENOS AIRES - VENEZIA	5.666666666666667
2014-02-26 04:00:00	BUENOS AIRES - VENEZIA	5.7
2014-02-26 05:00:00	BUENOS AIRES - VENEZIA	4.533333333333333
2014-02-26 06:00:00	BUENOS AIRES - VENEZIA	4.533333333333333
2014-02-26 07:00:00	BUENOS AIRES - VENEZIA	2.1666666666666665
2014-02-26 08:00:00	BUENOS AIRES - VENEZIA	0.9
2014-02-26 09:00:00	BUENOS AIRES - VENEZIA	0.1
2014-02-26 10:00:00	BUENOS AIRES - VENEZIA	0.7666666666666667
2014-02-26 11:00:00	BUENOS AIRES - VENEZIA	1.9
2014-02-26 12:00:00	BUENOS AIRES - VENEZIA	6.5
2014-02-26 13:00:00	BUENOS AIRES - VENEZIA	7.833333333333333
2014-02-26 14:00:00	BUENOS AIRES - VENEZIA	7.066666666666666
2014-02-26 15:00:00	BUENOS AIRES - VENEZIA	9.566666666666666
2014-02-26 16:00:00	BUENOS AIRES - VENEZIA	7.166666666666667
2014-02-26 17:00:00	BUENOS AIRES - VENEZIA	6.0
2014-02-26 18:00:00	BUENOS AIRES - VENEZIA	4.7
2014-02-26 19:00:00	BUENOS AIRES - VENEZIA	1.9666666666666666
2014-02-26 20:00:00	BUENOS AIRES - VENEZIA	1.1666666666666667
2014-02-26 21:00:00	BUENOS AIRES - VENEZIA	3.533333333333333
2014-02-26 22:00:00	BUENOS AIRES - VENEZIA	0.7
2014-02-26 23:00:00	BUENOS AIRES - VENEZIA	1.5333333333333334
2014-02-27 00:00:00	BUENOS AIRES - VENEZIA	2.033333333333333
2014-02-27 01:00:00	BUENOS AIRES - VENEZIA	3.7333333333333334
2014-02-27 02:00:00	BUENOS AIRES - VENEZIA	6.0
2014-02-27 03:00:00	BUENOS AIRES - VENEZIA	3.6666666666666665
2014-02-27 04:00:00	BUENOS AIRES - VENEZIA	2.7333333333333334
2014-02-27 05:00:00	BUENOS AIRES - VENEZIA	3.0
2014-02-27 06:00:00	BUENOS AIRES - VENEZIA	1.7333333333333334
2014-02-27 07:00:00	BUENOS AIRES - VENEZIA	1.2666666666666666
2014-02-27 08:00:00	BUENOS AIRES - VENEZIA	0.06666666666666667
2014-02-27 09:00:00	BUENOS AIRES - VENEZIA	2.2333333333333334
2014-02-27 10:00:00	BUENOS AIRES - VENEZIA	4.133333333333334
2014-02-27 11:00:00	BUENOS AIRES - VENEZIA	4.766666666666667
2014-02-27 12:00:00	BUENOS AIRES - VENEZIA	9.133333333333333
2014-02-27 13:00:00	BUENOS AIRES - VENEZIA	8.9
2014-02-27 14:00:00	BUENOS AIRES - VENEZIA	6.7
2014-02-27 15:00:00	BUENOS AIRES - VENEZIA	9.766666666666667
2014-02-27 16:00:00	BUENOS AIRES - VENEZIA	6.5
2014-02-27 17:00:00	BUENOS AIRES - VENEZIA	6.033333333333333
2014-02-27 18:00:00	BUENOS AIRES - VENEZIA	5.233333333333333
2014-02-27 19:00:00	BUENOS AIRES - VENEZIA	4.833333333333333
2014-02-27 20:00:00	BUENOS AIRES - VENEZIA	2.3333333333333335
2014-02-27 21:00:00	BUENOS AIRES - VENEZIA	2.3333333333333335
2014-02-27 22:00:00	BUENOS AIRES - VENEZIA	2.4
2014-02-27 23:00:00	BUENOS AIRES - VENEZIA	1.0666666666666667
2014-02-28 00:00:00	BUENOS AIRES - VENEZIA	1.9
2014-02-28 01:00:00	BUENOS AIRES - VENEZIA	3.7333333333333334
2014-02-28 02:00:00	BUENOS AIRES - VENEZIA	6.6
2014-02-28 03:00:00	BUENOS AIRES - VENEZIA	8.233333333333333
2014-02-28 04:00:00	BUENOS AIRES - VENEZIA	9.166666666666666
2014-02-28 05:00:00	BUENOS AIRES - VENEZIA	8.733333333333333
2014-02-28 06:00:00	BUENOS AIRES - VENEZIA	8.6
2014-02-28 07:00:00	BUENOS AIRES - VENEZIA	8.166666666666666
2014-02-28 08:00:00	BUENOS AIRES - VENEZIA	5.1
2014-02-28 09:00:00	BUENOS AIRES - VENEZIA	2.7666666666666666
2014-02-28 10:00:00	BUENOS AIRES - VENEZIA	1.1333333333333333
2014-02-28 11:00:00	BUENOS AIRES - VENEZIA	1.4
2014-02-28 12:00:00	BUENOS AIRES - VENEZIA	1.1
2014-02-28 13:00:00	BUENOS AIRES - VENEZIA	5.4
2014-02-28 14:00:00	BUENOS AIRES - VENEZIA	5.566666666666666
2014-02-28 15:00:00	BUENOS AIRES - VENEZIA	2.2666666666666666
2014-02-28 16:00:00	BUENOS AIRES - VENEZIA	3.3
2014-02-28 17:00:00	BUENOS AIRES - VENEZIA	5.633333333333334
2014-02-28 18:00:00	BUENOS AIRES - VENEZIA	4.066666666666666
2014-02-28 19:00:00	BUENOS AIRES - VENEZIA	0.9333333333333333
2014-02-28 20:00:00	BUENOS AIRES - VENEZIA	1.3666666666666667
2014-02-28 21:00:00	BUENOS AIRES - VENEZIA	1.7333333333333334
2014-02-28 22:00:00	BUENOS AIRES - VENEZIA	1.3
2014-02-28 23:00:00	BUENOS AIRES - VENEZIA	1.2666666666666666
2014-03-01 00:00:00	BUENOS AIRES - VENEZIA	1.5333333333333334
2014-03-01 01:00:00	BUENOS AIRES - VENEZIA	0.9333333333333333
2014-03-01 02:00:00	BUENOS AIRES - VENEZIA	2.2666666666666666
2014-03-01 03:00:00	BUENOS AIRES - VENEZIA	1.7
2014-03-01 04:00:00	BUENOS AIRES - VENEZIA	1.5666666666666667
2014-03-01 05:00:00	BUENOS AIRES - VENEZIA	4.133333333333334
2014-03-01 06:00:00	BUENOS AIRES - VENEZIA	3.6333333333333333
2014-03-01 07:00:00	BUENOS AIRES - VENEZIA	4.3
2014-03-01 08:00:00	BUENOS AIRES - VENEZIA	4.166666666666667
2014-03-01 09:00:00	BUENOS AIRES - VENEZIA	4.766666666666667
2014-03-01 10:00:00	BUENOS AIRES - VENEZIA	2.7666666666666666
2014-03-01 11:00:00	BUENOS AIRES - VENEZIA	4.866666666666666
2014-03-01 12:00:00	BUENOS AIRES - VENEZIA	3.066666666666667
2014-03-01 13:00:00	BUENOS AIRES - VENEZIA	3.1333333333333333
2014-03-01 14:00:00	BUENOS AIRES - VENEZIA	4.466666666666667
2014-03-01 15:00:00	BUENOS AIRES - VENEZIA	2.933333333333333
2014-03-01 16:00:00	BUENOS AIRES - VENEZIA	2.466666666666667
2014-03-01 17:00:00	BUENOS AIRES - VENEZIA	7.333333333333333
2014-03-01 18:00:00	BUENOS AIRES - VENEZIA	6.8
2014-03-01 19:00:00	BUENOS AIRES - VENEZIA	2.466666666666667
2014-03-01 20:00:00	BUENOS AIRES - VENEZIA	1.8
2014-03-01 21:00:00	BUENOS AIRES - VENEZIA	4.633333333333334
2014-03-01 22:00:00	BUENOS AIRES - VENEZIA	8.8
2014-03-01 23:00:00	BUENOS AIRES - VENEZIA	4.466666666666667
2014-03-02 00:00:00	BUENOS AIRES - VENEZIA	0.7
2014-03-02 01:00:00	BUENOS AIRES - VENEZIA	0.9666666666666667
2014-03-02 02:00:00	BUENOS AIRES - VENEZIA	4.833333333333333
2014-03-02 03:00:00	BUENOS AIRES - VENEZIA	9.866666666666667
2014-03-02 04:00:00	BUENOS AIRES - VENEZIA	13.833333333333334
2014-03-02 05:00:00	BUENOS AIRES - VENEZIA	11.6
2014-03-02 06:00:00	BUENOS AIRES - VENEZIA	11.6
2014-03-02 07:00:00	BUENOS AIRES - VENEZIA	12.133333333333333
2014-03-02 08:00:00	BUENOS AIRES - VENEZIA	10.1
2014-03-02 09:00:00	BUENOS AIRES - VENEZIA	8.833333333333334
2014-03-02 10:00:00	BUENOS AIRES - VENEZIA	7.966666666666667
2014-03-02 11:00:00	BUENOS AIRES - VENEZIA	5.733333333333333
2014-03-02 12:00:00	BUENOS AIRES - VENEZIA	2.6333333333333333
2014-03-02 13:00:00	BUENOS AIRES - VENEZIA	4.9
2014-03-02 14:00:00	BUENOS AIRES - VENEZIA	5.233333333333333
2014-03-02 15:00:00	BUENOS AIRES - VENEZIA	4.766666666666667
2014-03-02 16:00:00	BUENOS AIRES - VENEZIA	10.133333333333333
2014-03-02 17:00:00	BUENOS AIRES - VENEZIA	10.1
2014-03-02 18:00:00	BUENOS AIRES - VENEZIA	10.033333333333333
2014-03-02 19:00:00	BUENOS AIRES - VENEZIA	2.566666666666667
2014-03-02 20:00:00	BUENOS AIRES - VENEZIA	1.2333333333333334
2014-03-02 21:00:00	BUENOS AIRES - VENEZIA	3.2
2014-03-02 22:00:00	BUENOS AIRES - VENEZIA	0.7666666666666667
2014-03-02 23:00:00	BUENOS AIRES - VENEZIA	1.3666666666666667
2014-03-02 13:00:00	CANTALUPA	0.7666666666666667
2014-03-02 14:00:00	CANTALUPA	1.3666666666666667
2014-03-02 15:00:00	CANTALUPA	0.16666666666666666
2014-02-24 00:00:00	CENTRALE	1.2333333333333334
2014-02-24 01:00:00	CENTRALE	1.1
2014-02-24 02:00:00	CENTRALE	1.0
2014-02-24 03:00:00	CENTRALE	1.2666666666666666
2014-02-24 04:00:00	CENTRALE	2.1666666666666665
2014-02-24 05:00:00	CENTRALE	5.433333333333334
2014-02-24 06:00:00	CENTRALE	11.666666666666666
2014-02-24 07:00:00	CENTRALE	15.7
2014-02-24 08:00:00	CENTRALE	16.1
2014-02-24 09:00:00	CENTRALE	8.8
2014-02-24 10:00:00	CENTRALE	3.3333333333333335
2014-02-24 11:00:00	CENTRALE	2.433333333333333
2014-02-24 12:00:00	CENTRALE	2.033333333333333
2014-02-24 13:00:00	CENTRALE	1.0666666666666667
2014-02-24 14:00:00	CENTRALE	1.7333333333333334
2014-02-24 15:00:00	CENTRALE	2.1
2014-02-24 16:00:00	CENTRALE	2.2
2014-02-24 17:00:00	CENTRALE	1.3666666666666667
2014-02-24 18:00:00	CENTRALE	2.1666666666666665
2014-02-24 19:00:00	CENTRALE	1.2
2014-02-24 20:00:00	CENTRALE	0.4666666666666667
2014-02-24 21:00:00	CENTRALE	1.6
2014-02-24 22:00:00	CENTRALE	0.7666666666666667
2014-02-24 23:00:00	CENTRALE	1.1333333333333333
2014-02-25 00:00:00	CENTRALE	0.5333333333333333
2014-02-25 01:00:00	CENTRALE	0.6
2014-02-25 02:00:00	CENTRALE	1.9333333333333333
2014-02-25 03:00:00	CENTRALE	1.9333333333333333
2014-02-25 04:00:00	CENTRALE	2.0
2014-02-25 05:00:00	CENTRALE	2.4
2014-02-25 06:00:00	CENTRALE	10.266666666666667
2014-02-25 07:00:00	CENTRALE	15.966666666666667
2014-02-25 08:00:00	CENTRALE	13.5
2014-02-25 09:00:00	CENTRALE	9.733333333333333
2014-02-25 10:00:00	CENTRALE	3.3333333333333335
2014-02-25 11:00:00	CENTRALE	3.1
2014-02-25 12:00:00	CENTRALE	4.533333333333333
2014-02-25 13:00:00	CENTRALE	5.533333333333333
2014-02-25 14:00:00	CENTRALE	4.166666666666667
2014-02-25 15:00:00	CENTRALE	2.9
2014-02-25 16:00:00	CENTRALE	3.8
2014-02-25 17:00:00	CENTRALE	6.2
2014-02-25 18:00:00	CENTRALE	1.2666666666666666
2014-02-25 19:00:00	CENTRALE	0.4
2014-02-25 20:00:00	CENTRALE	0.03333333333333333
2014-02-25 22:00:00	CENTRALE	0.26666666666666666
2014-02-25 23:00:00	CENTRALE	1.6333333333333333
2014-02-26 00:00:00	CENTRALE	0.4
2014-02-26 01:00:00	CENTRALE	0.36666666666666664
2014-02-26 02:00:00	CENTRALE	2.433333333333333
2014-02-26 03:00:00	CENTRALE	2.933333333333333
2014-02-26 04:00:00	CENTRALE	2.1
2014-02-26 05:00:00	CENTRALE	3.5
2014-02-26 06:00:00	CENTRALE	6.366666666666666
2014-02-26 07:00:00	CENTRALE	8.8
2014-02-26 08:00:00	CENTRALE	6.433333333333334
2014-02-26 09:00:00	CENTRALE	2.966666666666667
2014-02-26 10:00:00	CENTRALE	1.5
2014-02-26 11:00:00	CENTRALE	0.9333333333333333
2014-02-26 12:00:00	CENTRALE	1.2
2014-02-26 13:00:00	CENTRALE	3.3
2014-02-26 14:00:00	CENTRALE	1.3333333333333333
2014-02-26 15:00:00	CENTRALE	2.566666666666667
2014-02-26 16:00:00	CENTRALE	2.3666666666666667
2014-02-26 17:00:00	CENTRALE	2.7666666666666666
2014-02-26 18:00:00	CENTRALE	3.1
2014-02-26 19:00:00	CENTRALE	0.5666666666666667
2014-02-26 20:00:00	CENTRALE	0.23333333333333334
2014-02-26 21:00:00	CENTRALE	0.9333333333333333
2014-02-26 22:00:00	CENTRALE	0.26666666666666666
2014-02-26 23:00:00	CENTRALE	0.06666666666666667
2014-02-27 00:00:00	CENTRALE	0.6333333333333333
2014-02-27 01:00:00	CENTRALE	1.5
2014-02-27 02:00:00	CENTRALE	3.0
2014-02-27 03:00:00	CENTRALE	2.1666666666666665
2014-02-27 04:00:00	CENTRALE	3.2666666666666666
2014-02-27 05:00:00	CENTRALE	5.966666666666667
2014-02-27 06:00:00	CENTRALE	12.866666666666667
2014-02-27 07:00:00	CENTRALE	21.433333333333334
2014-02-27 08:00:00	CENTRALE	17.866666666666667
2014-02-27 09:00:00	CENTRALE	10.033333333333333
2014-02-27 10:00:00	CENTRALE	5.6
2014-02-27 11:00:00	CENTRALE	3.7333333333333334
2014-02-27 12:00:00	CENTRALE	1.4
2014-02-27 13:00:00	CENTRALE	2.7
2014-02-27 14:00:00	CENTRALE	2.433333333333333
2014-02-27 15:00:00	CENTRALE	5.7
2014-02-27 16:00:00	CENTRALE	4.6
2014-02-27 17:00:00	CENTRALE	1.0333333333333334
2014-02-27 18:00:00	CENTRALE	0.8666666666666667
2014-02-27 19:00:00	CENTRALE	1.0666666666666667
2014-02-27 20:00:00	CENTRALE	0.9
2014-02-27 21:00:00	CENTRALE	0.6666666666666666
2014-02-27 23:00:00	CENTRALE	0.4666666666666667
2014-02-28 00:00:00	CENTRALE	0.6666666666666666
2014-02-28 01:00:00	CENTRALE	2.1666666666666665
2014-02-28 02:00:00	CENTRALE	4.266666666666667
2014-02-28 03:00:00	CENTRALE	4.433333333333334
2014-02-28 04:00:00	CENTRALE	6.3
2014-02-28 05:00:00	CENTRALE	8.933333333333334
2014-02-28 06:00:00	CENTRALE	14.233333333333333
2014-02-28 07:00:00	CENTRALE	22.0
2014-02-28 08:00:00	CENTRALE	18.566666666666666
2014-02-28 09:00:00	CENTRALE	15.066666666666666
2014-02-28 10:00:00	CENTRALE	12.1
2014-02-28 11:00:00	CENTRALE	9.333333333333334
2014-02-28 12:00:00	CENTRALE	11.466666666666667
2014-02-28 13:00:00	CENTRALE	9.766666666666667
2014-02-28 14:00:00	CENTRALE	12.766666666666667
2014-02-28 15:00:00	CENTRALE	15.966666666666667
2014-02-28 16:00:00	CENTRALE	17.566666666666666
2014-02-28 17:00:00	CENTRALE	17.433333333333334
2014-02-28 18:00:00	CENTRALE	6.866666666666666
2014-02-28 19:00:00	CENTRALE	1.0
2014-02-28 21:00:00	CENTRALE	0.36666666666666664
2014-02-28 22:00:00	CENTRALE	0.5333333333333333
2014-02-28 23:00:00	CENTRALE	0.26666666666666666
2014-03-01 00:00:00	CENTRALE	0.8666666666666667
2014-03-01 01:00:00	CENTRALE	1.7666666666666666
2014-03-01 02:00:00	CENTRALE	3.4
2014-03-01 03:00:00	CENTRALE	4.333333333333333
2014-03-01 04:00:00	CENTRALE	4.066666666666666
2014-03-01 05:00:00	CENTRALE	5.8
2014-03-01 06:00:00	CENTRALE	15.166666666666666
2014-03-01 07:00:00	CENTRALE	27.1
2014-03-01 08:00:00	CENTRALE	29.933333333333334
2014-03-01 09:00:00	CENTRALE	35.63333333333333
2014-03-01 10:00:00	CENTRALE	38.5
2014-03-01 11:00:00	CENTRALE	40.13333333333333
2014-03-01 12:00:00	CENTRALE	37.666666666666664
2014-03-01 13:00:00	CENTRALE	36.166666666666664
2014-03-01 14:00:00	CENTRALE	32.766666666666666
2014-03-01 15:00:00	CENTRALE	30.0
2014-03-01 16:00:00	CENTRALE	26.4
2014-03-01 17:00:00	CENTRALE	19.366666666666667
2014-03-01 18:00:00	CENTRALE	14.466666666666667
2014-03-01 19:00:00	CENTRALE	9.533333333333333
2014-03-01 20:00:00	CENTRALE	3.033333333333333
2014-03-01 21:00:00	CENTRALE	0.6333333333333333
2014-03-01 22:00:00	CENTRALE	2.6333333333333333
2014-03-01 23:00:00	CENTRALE	1.3
2014-03-02 00:00:00	CENTRALE	1.3
2014-03-02 01:00:00	CENTRALE	3.933333333333333
2014-03-02 02:00:00	CENTRALE	3.466666666666667
2014-03-02 03:00:00	CENTRALE	1.8333333333333333
2014-03-02 04:00:00	CENTRALE	1.2666666666666666
2014-03-02 05:00:00	CENTRALE	2.7666666666666666
2014-03-02 06:00:00	CENTRALE	3.933333333333333
2014-03-02 07:00:00	CENTRALE	4.966666666666667
2014-03-02 08:00:00	CENTRALE	7.166666666666667
2014-03-02 09:00:00	CENTRALE	7.633333333333334
2014-03-02 10:00:00	CENTRALE	3.7
2014-03-02 11:00:00	CENTRALE	2.0
2014-03-02 12:00:00	CENTRALE	1.9333333333333333
2014-03-02 13:00:00	CENTRALE	3.5
2014-03-02 14:00:00	CENTRALE	6.266666666666667
2014-03-02 15:00:00	CENTRALE	6.233333333333333
2014-03-02 16:00:00	CENTRALE	4.366666666666666
2014-03-02 17:00:00	CENTRALE	0.9333333333333333
2014-03-02 18:00:00	CENTRALE	5.066666666666666
2014-03-02 19:00:00	CENTRALE	0.26666666666666666
2014-03-02 20:00:00	CENTRALE	0.26666666666666666
2014-03-02 21:00:00	CENTRALE	0.03333333333333333
2014-03-02 22:00:00	CENTRALE	0.23333333333333334
2014-03-02 23:00:00	CENTRALE	0.8
2014-03-02 14:00:00	CHIARAVALLE	0.8666666666666667
2014-03-02 15:00:00	CHIARAVALLE	0.4666666666666667
2014-02-24 00:00:00	CITTA' STUDI	6.1
2014-02-24 01:00:00	CITTA' STUDI	8.633333333333333
2014-02-24 02:00:00	CITTA' STUDI	11.266666666666667
2014-02-24 03:00:00	CITTA' STUDI	11.033333333333333
2014-02-24 04:00:00	CITTA' STUDI	10.9
2014-02-24 05:00:00	CITTA' STUDI	10.566666666666666
2014-02-24 06:00:00	CITTA' STUDI	8.9
2014-02-24 07:00:00	CITTA' STUDI	6.2
2014-02-24 08:00:00	CITTA' STUDI	4.4
2014-02-24 09:00:00	CITTA' STUDI	2.2
2014-02-24 10:00:00	CITTA' STUDI	0.6
2014-02-24 11:00:00	CITTA' STUDI	0.3
2014-02-24 12:00:00	CITTA' STUDI	3.5
2014-02-24 13:00:00	CITTA' STUDI	1.8666666666666667
2014-02-24 14:00:00	CITTA' STUDI	3.2333333333333334
2014-02-24 15:00:00	CITTA' STUDI	3.566666666666667
2014-02-24 16:00:00	CITTA' STUDI	2.7
2014-02-24 17:00:00	CITTA' STUDI	0.8333333333333334
2014-02-24 18:00:00	CITTA' STUDI	2.566666666666667
2014-02-24 19:00:00	CITTA' STUDI	5.2
2014-02-24 20:00:00	CITTA' STUDI	3.7666666666666666
2014-02-24 21:00:00	CITTA' STUDI	3.3666666666666667
2014-02-24 22:00:00	CITTA' STUDI	2.3
2014-02-24 23:00:00	CITTA' STUDI	2.466666666666667
2014-02-25 00:00:00	CITTA' STUDI	5.366666666666666
2014-02-25 01:00:00	CITTA' STUDI	6.6
2014-02-25 02:00:00	CITTA' STUDI	7.8
2014-02-25 03:00:00	CITTA' STUDI	7.0
2014-02-25 04:00:00	CITTA' STUDI	6.0
2014-02-25 05:00:00	CITTA' STUDI	5.8
2014-02-25 06:00:00	CITTA' STUDI	5.266666666666667
2014-02-25 07:00:00	CITTA' STUDI	4.933333333333334
2014-02-25 08:00:00	CITTA' STUDI	5.3
2014-02-25 09:00:00	CITTA' STUDI	3.433333333333333
2014-02-25 10:00:00	CITTA' STUDI	1.9333333333333333
2014-02-25 11:00:00	CITTA' STUDI	3.8333333333333335
2014-02-25 12:00:00	CITTA' STUDI	2.7
2014-02-25 13:00:00	CITTA' STUDI	0.9666666666666667
2014-02-25 14:00:00	CITTA' STUDI	1.1666666666666667
2014-02-25 15:00:00	CITTA' STUDI	1.7333333333333334
2014-02-25 16:00:00	CITTA' STUDI	2.6
2014-02-25 17:00:00	CITTA' STUDI	2.2333333333333334
2014-02-25 18:00:00	CITTA' STUDI	3.2333333333333334
2014-02-25 19:00:00	CITTA' STUDI	6.366666666666666
2014-02-25 20:00:00	CITTA' STUDI	4.2
2014-02-25 21:00:00	CITTA' STUDI	3.7333333333333334
2014-02-25 22:00:00	CITTA' STUDI	8.9
2014-02-25 23:00:00	CITTA' STUDI	7.333333333333333
2014-02-26 00:00:00	CITTA' STUDI	6.6
2014-02-26 01:00:00	CITTA' STUDI	6.5
2014-02-26 02:00:00	CITTA' STUDI	9.233333333333333
2014-02-26 03:00:00	CITTA' STUDI	10.633333333333333
2014-02-26 04:00:00	CITTA' STUDI	11.0
2014-02-26 05:00:00	CITTA' STUDI	9.8
2014-02-26 06:00:00	CITTA' STUDI	8.566666666666666
2014-02-26 07:00:00	CITTA' STUDI	6.8
2014-02-26 08:00:00	CITTA' STUDI	2.066666666666667
2014-02-26 09:00:00	CITTA' STUDI	0.8666666666666667
2014-02-26 10:00:00	CITTA' STUDI	0.8333333333333334
2014-02-26 11:00:00	CITTA' STUDI	0.3
2014-02-26 12:00:00	CITTA' STUDI	0.5333333333333333
2014-02-26 13:00:00	CITTA' STUDI	1.2666666666666666
2014-02-26 14:00:00	CITTA' STUDI	3.966666666666667
2014-02-26 15:00:00	CITTA' STUDI	1.8333333333333333
2014-02-26 16:00:00	CITTA' STUDI	3.1666666666666665
2014-02-26 17:00:00	CITTA' STUDI	2.1
2014-02-26 18:00:00	CITTA' STUDI	5.566666666666666
2014-02-26 19:00:00	CITTA' STUDI	6.4
2014-02-26 20:00:00	CITTA' STUDI	1.4
2014-02-26 21:00:00	CITTA' STUDI	3.4
2014-02-26 22:00:00	CITTA' STUDI	5.166666666666667
2014-02-26 23:00:00	CITTA' STUDI	5.8
2014-02-27 00:00:00	CITTA' STUDI	4.233333333333333
2014-02-27 01:00:00	CITTA' STUDI	2.033333333333333
2014-02-27 02:00:00	CITTA' STUDI	4.433333333333334
2014-02-27 03:00:00	CITTA' STUDI	5.3
2014-02-27 04:00:00	CITTA' STUDI	6.966666666666667
2014-02-27 05:00:00	CITTA' STUDI	6.7
2014-02-27 06:00:00	CITTA' STUDI	7.466666666666667
2014-02-27 07:00:00	CITTA' STUDI	6.9
2014-02-27 08:00:00	CITTA' STUDI	5.033333333333333
2014-02-27 09:00:00	CITTA' STUDI	3.8
2014-02-27 10:00:00	CITTA' STUDI	0.23333333333333334
2014-02-27 11:00:00	CITTA' STUDI	0.03333333333333333
2014-02-27 12:00:00	CITTA' STUDI	0.5333333333333333
2014-02-27 13:00:00	CITTA' STUDI	2.7
2014-02-27 14:00:00	CITTA' STUDI	3.8333333333333335
2014-02-27 15:00:00	CITTA' STUDI	3.033333333333333
2014-02-27 16:00:00	CITTA' STUDI	2.4
2014-02-27 17:00:00	CITTA' STUDI	2.0
2014-02-27 18:00:00	CITTA' STUDI	2.3333333333333335
2014-02-27 19:00:00	CITTA' STUDI	2.433333333333333
2014-02-27 20:00:00	CITTA' STUDI	4.5
2014-02-27 21:00:00	CITTA' STUDI	4.8
2014-02-27 22:00:00	CITTA' STUDI	4.366666666666666
2014-02-27 23:00:00	CITTA' STUDI	5.666666666666667
2014-02-28 00:00:00	CITTA' STUDI	5.866666666666666
2014-02-28 01:00:00	CITTA' STUDI	5.6
2014-02-28 02:00:00	CITTA' STUDI	8.1
2014-02-28 03:00:00	CITTA' STUDI	10.333333333333334
2014-02-28 04:00:00	CITTA' STUDI	8.5
2014-02-28 05:00:00	CITTA' STUDI	7.333333333333333
2014-02-28 06:00:00	CITTA' STUDI	6.933333333333334
2014-02-28 07:00:00	CITTA' STUDI	5.133333333333334
2014-02-28 08:00:00	CITTA' STUDI	4.166666666666667
2014-02-28 09:00:00	CITTA' STUDI	2.1
2014-02-28 10:00:00	CITTA' STUDI	0.4666666666666667
2014-02-28 11:00:00	CITTA' STUDI	1.4666666666666666
2014-02-28 12:00:00	CITTA' STUDI	2.7666666666666666
2014-02-28 13:00:00	CITTA' STUDI	2.3333333333333335
2014-02-28 14:00:00	CITTA' STUDI	2.2666666666666666
2014-02-28 15:00:00	CITTA' STUDI	3.3333333333333335
2014-02-28 16:00:00	CITTA' STUDI	2.066666666666667
2014-02-28 17:00:00	CITTA' STUDI	0.2
2014-02-28 18:00:00	CITTA' STUDI	4.166666666666667
2014-02-28 19:00:00	CITTA' STUDI	4.8
2014-02-28 20:00:00	CITTA' STUDI	2.7
2014-02-28 21:00:00	CITTA' STUDI	0.9333333333333333
2014-02-28 22:00:00	CITTA' STUDI	1.5666666666666667
2014-02-28 23:00:00	CITTA' STUDI	2.566666666666667
2014-03-01 00:00:00	CITTA' STUDI	0.4666666666666667
2014-03-01 01:00:00	CITTA' STUDI	1.0
2014-03-01 02:00:00	CITTA' STUDI	2.8666666666666667
2014-03-01 03:00:00	CITTA' STUDI	5.166666666666667
2014-03-01 04:00:00	CITTA' STUDI	6.8
2014-03-01 05:00:00	CITTA' STUDI	10.366666666666667
2014-03-01 06:00:00	CITTA' STUDI	9.1
2014-03-01 07:00:00	CITTA' STUDI	8.566666666666666
2014-03-01 08:00:00	CITTA' STUDI	7.366666666666666
2014-03-01 09:00:00	CITTA' STUDI	5.966666666666667
2014-03-01 10:00:00	CITTA' STUDI	6.4
2014-03-01 11:00:00	CITTA' STUDI	6.066666666666666
2014-03-01 12:00:00	CITTA' STUDI	1.8666666666666667
2014-03-01 13:00:00	CITTA' STUDI	2.966666666666667
2014-03-01 14:00:00	CITTA' STUDI	2.466666666666667
2014-03-01 15:00:00	CITTA' STUDI	3.1333333333333333
2014-03-01 16:00:00	CITTA' STUDI	2.4
2014-03-01 17:00:00	CITTA' STUDI	1.0333333333333334
2014-03-01 18:00:00	CITTA' STUDI	1.9666666666666666
2014-03-01 19:00:00	CITTA' STUDI	1.3333333333333333
2014-03-01 20:00:00	CITTA' STUDI	2.9
2014-03-01 21:00:00	CITTA' STUDI	5.333333333333333
2014-03-01 22:00:00	CITTA' STUDI	3.2666666666666666
2014-03-01 23:00:00	CITTA' STUDI	2.7333333333333334
2014-03-02 00:00:00	CITTA' STUDI	1.8333333333333333
2014-03-02 01:00:00	CITTA' STUDI	3.9
2014-03-02 02:00:00	CITTA' STUDI	9.5
2014-03-02 03:00:00	CITTA' STUDI	14.166666666666666
2014-03-02 04:00:00	CITTA' STUDI	13.766666666666667
2014-03-02 05:00:00	CITTA' STUDI	12.366666666666667
2014-03-02 06:00:00	CITTA' STUDI	13.466666666666667
2014-03-02 07:00:00	CITTA' STUDI	13.7
2014-03-02 08:00:00	CITTA' STUDI	14.4
2014-03-02 09:00:00	CITTA' STUDI	12.6
2014-03-02 10:00:00	CITTA' STUDI	11.2
2014-03-02 11:00:00	CITTA' STUDI	10.533333333333333
2014-03-02 12:00:00	CITTA' STUDI	7.233333333333333
2014-03-02 13:00:00	CITTA' STUDI	4.233333333333333
2014-03-02 14:00:00	CITTA' STUDI	3.966666666666667
2014-03-02 15:00:00	CITTA' STUDI	6.6
2014-03-02 16:00:00	CITTA' STUDI	3.7
2014-03-02 17:00:00	CITTA' STUDI	2.433333333333333
2014-03-02 18:00:00	CITTA' STUDI	4.8
2014-03-02 19:00:00	CITTA' STUDI	5.2
2014-03-02 20:00:00	CITTA' STUDI	2.3666666666666667
2014-03-02 21:00:00	CITTA' STUDI	4.133333333333334
2014-03-02 22:00:00	CITTA' STUDI	1.7666666666666666
2014-03-02 23:00:00	CITTA' STUDI	0.8666666666666667
2014-02-24 00:00:00	COMASINA	10.7
2014-02-24 01:00:00	COMASINA	11.0
2014-02-24 02:00:00	COMASINA	11.0
2014-02-24 03:00:00	COMASINA	11.0
2014-02-24 04:00:00	COMASINA	11.033333333333333
2014-02-24 05:00:00	COMASINA	12.0
2014-02-24 06:00:00	COMASINA	11.166666666666666
2014-02-24 07:00:00	COMASINA	11.1
2014-02-24 08:00:00	COMASINA	12.0
2014-02-24 09:00:00	COMASINA	11.866666666666667
2014-02-24 10:00:00	COMASINA	12.0
2014-02-24 11:00:00	COMASINA	12.0
2014-02-24 12:00:00	COMASINA	12.0
2014-02-24 13:00:00	COMASINA	12.833333333333334
2014-02-24 14:00:00	COMASINA	11.8
2014-02-24 15:00:00	COMASINA	11.0
2014-02-24 16:00:00	COMASINA	11.0
2014-02-24 17:00:00	COMASINA	11.733333333333333
2014-02-24 18:00:00	COMASINA	9.9
2014-02-24 19:00:00	COMASINA	11.0
2014-02-24 20:00:00	COMASINA	11.0
2014-02-24 21:00:00	COMASINA	11.0
2014-02-24 22:00:00	COMASINA	5.866666666666666
2014-02-24 23:00:00	COMASINA	8.8
2014-02-25 00:00:00	COMASINA	11.0
2014-02-25 01:00:00	COMASINA	11.0
2014-02-25 02:00:00	COMASINA	11.266666666666667
2014-02-25 03:00:00	COMASINA	12.0
2014-02-25 04:00:00	COMASINA	12.0
2014-02-25 05:00:00	COMASINA	11.6
2014-02-25 06:00:00	COMASINA	11.033333333333333
2014-02-25 07:00:00	COMASINA	11.0
2014-02-25 08:00:00	COMASINA	10.8
2014-02-25 09:00:00	COMASINA	10.8
2014-02-25 10:00:00	COMASINA	9.866666666666667
2014-02-25 11:00:00	COMASINA	8.666666666666666
2014-02-25 12:00:00	COMASINA	9.666666666666666
2014-02-25 13:00:00	COMASINA	9.933333333333334
2014-02-25 14:00:00	COMASINA	9.0
2014-02-25 15:00:00	COMASINA	9.8
2014-02-25 16:00:00	COMASINA	10.0
2014-02-25 17:00:00	COMASINA	9.7
2014-02-25 18:00:00	COMASINA	7.233333333333333
2014-02-25 19:00:00	COMASINA	7.0
2014-02-25 20:00:00	COMASINA	6.033333333333333
2014-02-25 21:00:00	COMASINA	6.0
2014-02-25 22:00:00	COMASINA	7.166666666666667
2014-02-25 23:00:00	COMASINA	8.0
2014-02-26 00:00:00	COMASINA	8.0
2014-02-26 01:00:00	COMASINA	8.933333333333334
2014-02-26 02:00:00	COMASINA	9.0
2014-02-26 03:00:00	COMASINA	9.0
2014-02-26 04:00:00	COMASINA	9.0
2014-02-26 05:00:00	COMASINA	9.0
2014-02-26 06:00:00	COMASINA	9.0
2014-02-26 07:00:00	COMASINA	9.0
2014-02-26 08:00:00	COMASINA	7.5
2014-02-26 09:00:00	COMASINA	7.366666666666666
2014-02-26 10:00:00	COMASINA	7.0
2014-02-26 11:00:00	COMASINA	7.0
2014-02-26 12:00:00	COMASINA	7.0
2014-02-26 13:00:00	COMASINA	7.0
2014-02-26 14:00:00	COMASINA	6.766666666666667
2014-02-26 15:00:00	COMASINA	7.0
2014-02-26 16:00:00	COMASINA	6.966666666666667
2014-02-26 17:00:00	COMASINA	7.366666666666666
2014-02-26 18:00:00	COMASINA	8.7
2014-02-26 19:00:00	COMASINA	9.0
2014-02-26 20:00:00	COMASINA	8.533333333333333
2014-02-26 21:00:00	COMASINA	9.0
2014-02-26 22:00:00	COMASINA	9.466666666666667
2014-02-26 23:00:00	COMASINA	10.0
2014-02-27 00:00:00	COMASINA	10.0
2014-02-27 01:00:00	COMASINA	10.833333333333334
2014-02-27 02:00:00	COMASINA	12.1
2014-02-27 03:00:00	COMASINA	12.866666666666667
2014-02-27 04:00:00	COMASINA	12.0
2014-02-27 05:00:00	COMASINA	12.0
2014-02-27 06:00:00	COMASINA	12.0
2014-02-27 07:00:00	COMASINA	11.966666666666667
2014-02-27 08:00:00	COMASINA	10.733333333333333
2014-02-27 09:00:00	COMASINA	10.533333333333333
2014-02-27 10:00:00	COMASINA	11.866666666666667
2014-02-27 11:00:00	COMASINA	12.0
2014-02-27 12:00:00	COMASINA	11.866666666666667
2014-02-27 13:00:00	COMASINA	11.633333333333333
2014-02-27 14:00:00	COMASINA	8.133333333333333
2014-02-27 15:00:00	COMASINA	11.0
2014-02-27 16:00:00	COMASINA	11.0
2014-02-27 17:00:00	COMASINA	10.9
2014-02-27 18:00:00	COMASINA	11.2
2014-02-27 19:00:00	COMASINA	9.2
2014-02-27 20:00:00	COMASINA	8.0
2014-02-27 21:00:00	COMASINA	8.133333333333333
2014-02-27 22:00:00	COMASINA	7.466666666666667
2014-02-27 23:00:00	COMASINA	8.0
2014-02-28 00:00:00	COMASINA	8.2
2014-02-28 01:00:00	COMASINA	8.7
2014-02-28 02:00:00	COMASINA	9.366666666666667
2014-02-28 03:00:00	COMASINA	10.0
2014-02-28 04:00:00	COMASINA	10.0
2014-02-28 05:00:00	COMASINA	10.0
2014-02-28 06:00:00	COMASINA	9.233333333333333
2014-02-28 07:00:00	COMASINA	9.0
2014-02-28 08:00:00	COMASINA	10.066666666666666
2014-02-28 09:00:00	COMASINA	10.2
2014-02-28 10:00:00	COMASINA	9.333333333333334
2014-02-28 11:00:00	COMASINA	9.133333333333333
2014-02-28 12:00:00	COMASINA	9.966666666666667
2014-02-28 13:00:00	COMASINA	10.033333333333333
2014-02-28 14:00:00	COMASINA	10.0
2014-02-28 15:00:00	COMASINA	9.966666666666667
2014-02-28 16:00:00	COMASINA	9.733333333333333
2014-02-28 17:00:00	COMASINA	10.4
2014-02-28 18:00:00	COMASINA	10.166666666666666
2014-02-28 19:00:00	COMASINA	10.0
2014-02-28 20:00:00	COMASINA	9.0
2014-02-28 21:00:00	COMASINA	9.0
2014-02-28 22:00:00	COMASINA	8.533333333333333
2014-02-28 23:00:00	COMASINA	6.2
2014-03-01 00:00:00	COMASINA	6.066666666666666
2014-03-01 01:00:00	COMASINA	6.0
2014-03-01 02:00:00	COMASINA	5.3
2014-03-01 03:00:00	COMASINA	6.066666666666666
2014-03-01 04:00:00	COMASINA	8.7
2014-03-01 05:00:00	COMASINA	9.0
2014-03-01 06:00:00	COMASINA	8.033333333333333
2014-03-01 07:00:00	COMASINA	8.0
2014-03-01 08:00:00	COMASINA	8.0
2014-03-01 09:00:00	COMASINA	8.0
2014-03-01 10:00:00	COMASINA	8.233333333333333
2014-03-01 11:00:00	COMASINA	9.0
2014-03-01 12:00:00	COMASINA	9.0
2014-03-01 13:00:00	COMASINA	9.033333333333333
2014-03-01 14:00:00	COMASINA	9.0
2014-03-01 15:00:00	COMASINA	9.9
2014-03-01 16:00:00	COMASINA	9.933333333333334
2014-03-01 17:00:00	COMASINA	9.266666666666667
2014-03-01 18:00:00	COMASINA	9.9
2014-03-01 19:00:00	COMASINA	9.866666666666667
2014-03-01 20:00:00	COMASINA	10.0
2014-03-01 21:00:00	COMASINA	9.666666666666666
2014-03-01 22:00:00	COMASINA	9.533333333333333
2014-03-01 23:00:00	COMASINA	9.0
2014-03-02 00:00:00	COMASINA	9.0
2014-03-02 01:00:00	COMASINA	9.0
2014-03-02 02:00:00	COMASINA	9.533333333333333
2014-03-02 03:00:00	COMASINA	11.333333333333334
2014-03-02 04:00:00	COMASINA	11.433333333333334
2014-03-02 05:00:00	COMASINA	10.266666666666667
2014-03-02 06:00:00	COMASINA	12.933333333333334
2014-03-02 07:00:00	COMASINA	13.0
2014-03-02 08:00:00	COMASINA	13.466666666666667
2014-03-02 09:00:00	COMASINA	13.533333333333333
2014-03-02 10:00:00	COMASINA	13.0
2014-03-02 11:00:00	COMASINA	13.0
2014-03-02 12:00:00	COMASINA	13.0
2014-03-02 13:00:00	COMASINA	11.733333333333333
2014-03-02 14:00:00	COMASINA	12.0
2014-03-02 15:00:00	COMASINA	12.4
2014-03-02 16:00:00	COMASINA	12.333333333333334
2014-03-02 17:00:00	COMASINA	11.333333333333334
2014-03-02 18:00:00	COMASINA	11.3
2014-03-02 19:00:00	COMASINA	10.533333333333333
2014-03-02 20:00:00	COMASINA	9.9
2014-03-02 21:00:00	COMASINA	11.0
2014-03-02 22:00:00	COMASINA	10.3
2014-03-02 23:00:00	COMASINA	10.0
2014-02-24 00:00:00	CORSICA	0.5666666666666667
2014-02-24 01:00:00	CORSICA	1.7
2014-02-24 02:00:00	CORSICA	2.0
2014-02-24 03:00:00	CORSICA	2.0
2014-02-24 04:00:00	CORSICA	1.9666666666666666
2014-02-24 05:00:00	CORSICA	1.1
2014-02-24 06:00:00	CORSICA	2.0
2014-02-24 07:00:00	CORSICA	1.4
2014-02-24 08:00:00	CORSICA	0.23333333333333334
2014-02-24 12:00:00	CORSICA	0.1
2014-02-24 13:00:00	CORSICA	0.7
2014-02-24 14:00:00	CORSICA	0.36666666666666664
2014-02-24 15:00:00	CORSICA	0.16666666666666666
2014-02-24 16:00:00	CORSICA	1.0666666666666667
2014-02-24 17:00:00	CORSICA	0.5
2014-02-24 18:00:00	CORSICA	0.7
2014-02-24 19:00:00	CORSICA	2.7666666666666666
2014-02-24 20:00:00	CORSICA	4.4
2014-02-24 21:00:00	CORSICA	5.133333333333334
2014-02-24 22:00:00	CORSICA	1.9
2014-02-24 23:00:00	CORSICA	1.1
2014-02-25 00:00:00	CORSICA	3.033333333333333
2014-02-25 01:00:00	CORSICA	4.0
2014-02-25 02:00:00	CORSICA	4.3
2014-02-25 03:00:00	CORSICA	5.0
2014-02-25 04:00:00	CORSICA	5.0
2014-02-25 05:00:00	CORSICA	4.1
2014-02-25 06:00:00	CORSICA	4.0
2014-02-25 07:00:00	CORSICA	3.7
2014-02-25 08:00:00	CORSICA	1.8666666666666667
2014-02-25 09:00:00	CORSICA	0.7
2014-02-25 11:00:00	CORSICA	0.06666666666666667
2014-02-25 12:00:00	CORSICA	0.5
2014-02-25 13:00:00	CORSICA	1.6
2014-02-25 14:00:00	CORSICA	2.8333333333333335
2014-02-25 15:00:00	CORSICA	3.2
2014-02-25 16:00:00	CORSICA	3.0
2014-02-25 17:00:00	CORSICA	3.1333333333333333
2014-02-25 18:00:00	CORSICA	4.1
2014-02-25 19:00:00	CORSICA	2.7
2014-02-25 20:00:00	CORSICA	1.1666666666666667
2014-02-25 21:00:00	CORSICA	1.4333333333333333
2014-02-25 22:00:00	CORSICA	1.6
2014-02-25 23:00:00	CORSICA	1.9666666666666666
2014-02-26 00:00:00	CORSICA	3.7
2014-02-26 01:00:00	CORSICA	3.1333333333333333
2014-02-26 02:00:00	CORSICA	4.666666666666667
2014-02-26 03:00:00	CORSICA	4.933333333333334
2014-02-26 04:00:00	CORSICA	4.966666666666667
2014-02-26 05:00:00	CORSICA	5.2
2014-02-26 06:00:00	CORSICA	3.8
2014-02-26 07:00:00	CORSICA	2.1
2014-02-26 08:00:00	CORSICA	0.06666666666666667
2014-02-26 10:00:00	CORSICA	0.3
2014-02-26 11:00:00	CORSICA	0.5
2014-02-26 12:00:00	CORSICA	2.7
2014-02-26 13:00:00	CORSICA	2.6
2014-02-26 14:00:00	CORSICA	3.2
2014-02-26 15:00:00	CORSICA	2.2333333333333334
2014-02-26 16:00:00	CORSICA	1.5
2014-02-26 17:00:00	CORSICA	1.2666666666666666
2014-02-26 18:00:00	CORSICA	2.7666666666666666
2014-02-26 19:00:00	CORSICA	2.9
2014-02-26 20:00:00	CORSICA	2.7
2014-02-26 21:00:00	CORSICA	1.5
2014-02-26 22:00:00	CORSICA	0.03333333333333333
2014-02-26 23:00:00	CORSICA	0.8333333333333334
2014-02-27 00:00:00	CORSICA	1.0
2014-02-27 01:00:00	CORSICA	1.0
2014-02-27 02:00:00	CORSICA	1.9333333333333333
2014-02-27 03:00:00	CORSICA	2.0
2014-02-27 04:00:00	CORSICA	2.0
2014-02-27 05:00:00	CORSICA	2.0
2014-02-27 06:00:00	CORSICA	1.0666666666666667
2014-02-27 07:00:00	CORSICA	0.6
2014-02-27 13:00:00	CORSICA	0.6
2014-02-27 14:00:00	CORSICA	0.7666666666666667
2014-02-27 15:00:00	CORSICA	2.0
2014-02-27 16:00:00	CORSICA	2.8333333333333335
2014-02-27 17:00:00	CORSICA	1.9666666666666666
2014-02-27 18:00:00	CORSICA	1.1666666666666667
2014-02-27 19:00:00	CORSICA	0.5333333333333333
2014-02-27 20:00:00	CORSICA	0.9
2014-02-27 21:00:00	CORSICA	0.16666666666666666
2014-02-27 22:00:00	CORSICA	0.9666666666666667
2014-02-28 00:00:00	CORSICA	1.9666666666666666
2014-02-28 01:00:00	CORSICA	2.9
2014-02-28 02:00:00	CORSICA	2.966666666666667
2014-02-28 03:00:00	CORSICA	3.9
2014-02-28 04:00:00	CORSICA	4.0
2014-02-28 05:00:00	CORSICA	4.066666666666666
2014-02-28 06:00:00	CORSICA	4.0
2014-02-28 07:00:00	CORSICA	3.5
2014-02-28 08:00:00	CORSICA	0.9
2014-02-28 09:00:00	CORSICA	0.03333333333333333
2014-02-28 12:00:00	CORSICA	0.16666666666666666
2014-02-28 13:00:00	CORSICA	0.13333333333333333
2014-02-28 14:00:00	CORSICA	0.23333333333333334
2014-02-28 15:00:00	CORSICA	0.13333333333333333
2014-02-28 16:00:00	CORSICA	0.26666666666666666
2014-02-28 17:00:00	CORSICA	2.0
2014-02-28 18:00:00	CORSICA	3.8
2014-02-28 19:00:00	CORSICA	2.2666666666666666
2014-02-28 20:00:00	CORSICA	0.3
2014-02-28 21:00:00	CORSICA	0.03333333333333333
2014-02-28 22:00:00	CORSICA	0.23333333333333334
2014-02-28 23:00:00	CORSICA	1.6666666666666667
2014-03-01 00:00:00	CORSICA	2.8333333333333335
2014-03-01 01:00:00	CORSICA	2.6666666666666665
2014-03-01 02:00:00	CORSICA	1.5333333333333334
2014-03-01 03:00:00	CORSICA	1.7333333333333334
2014-03-01 04:00:00	CORSICA	1.7333333333333334
2014-03-01 05:00:00	CORSICA	1.0
2014-03-01 06:00:00	CORSICA	1.0
2014-03-01 07:00:00	CORSICA	1.0
2014-03-01 08:00:00	CORSICA	0.5
2014-03-01 10:00:00	CORSICA	0.43333333333333335
2014-03-01 11:00:00	CORSICA	0.7333333333333333
2014-03-01 12:00:00	CORSICA	0.43333333333333335
2014-03-01 13:00:00	CORSICA	0.13333333333333333
2014-03-01 14:00:00	CORSICA	0.06666666666666667
2014-03-01 15:00:00	CORSICA	0.7333333333333333
2014-03-01 16:00:00	CORSICA	0.5666666666666667
2014-03-01 17:00:00	CORSICA	2.066666666666667
2014-03-01 18:00:00	CORSICA	0.03333333333333333
2014-03-01 19:00:00	CORSICA	0.23333333333333334
2014-03-01 20:00:00	CORSICA	1.4
2014-03-01 21:00:00	CORSICA	0.9333333333333333
2014-03-01 22:00:00	CORSICA	0.1
2014-03-01 23:00:00	CORSICA	0.2
2014-03-02 00:00:00	CORSICA	0.06666666666666667
2014-03-02 01:00:00	CORSICA	1.5
2014-03-02 02:00:00	CORSICA	4.333333333333333
2014-03-02 03:00:00	CORSICA	6.333333333333333
2014-03-02 04:00:00	CORSICA	8.833333333333334
2014-03-02 05:00:00	CORSICA	8.666666666666666
2014-03-02 06:00:00	CORSICA	10.866666666666667
2014-03-02 07:00:00	CORSICA	11.0
2014-03-02 08:00:00	CORSICA	10.433333333333334
2014-03-02 09:00:00	CORSICA	10.633333333333333
2014-03-02 10:00:00	CORSICA	10.9
2014-03-02 11:00:00	CORSICA	6.933333333333334
2014-03-02 12:00:00	CORSICA	4.0
2014-03-02 13:00:00	CORSICA	1.5666666666666667
2014-03-02 14:00:00	CORSICA	0.6666666666666666
2014-03-02 15:00:00	CORSICA	1.5666666666666667
2014-03-02 16:00:00	CORSICA	0.9
2014-03-02 17:00:00	CORSICA	0.5666666666666667
2014-03-02 18:00:00	CORSICA	0.4666666666666667
2014-03-02 19:00:00	CORSICA	0.6333333333333333
2014-03-02 20:00:00	CORSICA	0.43333333333333335
2014-03-02 21:00:00	CORSICA	1.3666666666666667
2014-03-02 22:00:00	CORSICA	0.8333333333333334
2014-03-02 23:00:00	CORSICA	1.1333333333333333
2014-02-24 00:00:00	DE ANGELI - MONTE ROSA	3.3333333333333335
2014-02-24 01:00:00	DE ANGELI - MONTE ROSA	3.2333333333333334
2014-02-24 02:00:00	DE ANGELI - MONTE ROSA	3.433333333333333
2014-02-24 03:00:00	DE ANGELI - MONTE ROSA	5.333333333333333
2014-02-24 04:00:00	DE ANGELI - MONTE ROSA	5.366666666666666
2014-02-24 05:00:00	DE ANGELI - MONTE ROSA	3.3666666666666667
2014-02-24 06:00:00	DE ANGELI - MONTE ROSA	3.0
2014-02-24 07:00:00	DE ANGELI - MONTE ROSA	3.1
2014-02-24 08:00:00	DE ANGELI - MONTE ROSA	1.1
2014-02-24 09:00:00	DE ANGELI - MONTE ROSA	0.6
2014-02-24 10:00:00	DE ANGELI - MONTE ROSA	0.3333333333333333
2014-02-24 11:00:00	DE ANGELI - MONTE ROSA	0.7333333333333333
2014-02-24 12:00:00	DE ANGELI - MONTE ROSA	1.5
2014-02-24 13:00:00	DE ANGELI - MONTE ROSA	1.0
2014-02-24 14:00:00	DE ANGELI - MONTE ROSA	2.2666666666666666
2014-02-24 15:00:00	DE ANGELI - MONTE ROSA	1.8333333333333333
2014-02-24 16:00:00	DE ANGELI - MONTE ROSA	4.266666666666667
2014-02-24 17:00:00	DE ANGELI - MONTE ROSA	4.6
2014-02-24 18:00:00	DE ANGELI - MONTE ROSA	1.6
2014-02-24 19:00:00	DE ANGELI - MONTE ROSA	2.7
2014-02-24 20:00:00	DE ANGELI - MONTE ROSA	1.4333333333333333
2014-02-24 22:00:00	DE ANGELI - MONTE ROSA	0.8333333333333334
2014-02-24 23:00:00	DE ANGELI - MONTE ROSA	3.033333333333333
2014-02-25 00:00:00	DE ANGELI - MONTE ROSA	5.533333333333333
2014-02-25 01:00:00	DE ANGELI - MONTE ROSA	6.833333333333333
2014-02-25 02:00:00	DE ANGELI - MONTE ROSA	6.166666666666667
2014-02-25 03:00:00	DE ANGELI - MONTE ROSA	7.0
2014-02-25 04:00:00	DE ANGELI - MONTE ROSA	6.833333333333333
2014-02-25 05:00:00	DE ANGELI - MONTE ROSA	5.8
2014-02-25 06:00:00	DE ANGELI - MONTE ROSA	6.0
2014-02-25 07:00:00	DE ANGELI - MONTE ROSA	4.3
2014-02-25 08:00:00	DE ANGELI - MONTE ROSA	0.9333333333333333
2014-02-25 09:00:00	DE ANGELI - MONTE ROSA	0.9
2014-02-25 10:00:00	DE ANGELI - MONTE ROSA	0.9
2014-02-25 11:00:00	DE ANGELI - MONTE ROSA	2.7666666666666666
2014-02-25 12:00:00	DE ANGELI - MONTE ROSA	2.8333333333333335
2014-02-25 13:00:00	DE ANGELI - MONTE ROSA	1.6666666666666667
2014-02-25 14:00:00	DE ANGELI - MONTE ROSA	1.8666666666666667
2014-02-25 15:00:00	DE ANGELI - MONTE ROSA	1.1
2014-02-25 16:00:00	DE ANGELI - MONTE ROSA	2.8666666666666667
2014-02-25 17:00:00	DE ANGELI - MONTE ROSA	3.8
2014-02-25 18:00:00	DE ANGELI - MONTE ROSA	3.8333333333333335
2014-02-25 19:00:00	DE ANGELI - MONTE ROSA	0.6666666666666666
2014-02-25 20:00:00	DE ANGELI - MONTE ROSA	0.3333333333333333
2014-02-25 21:00:00	DE ANGELI - MONTE ROSA	0.4
2014-02-25 22:00:00	DE ANGELI - MONTE ROSA	0.7
2014-02-25 23:00:00	DE ANGELI - MONTE ROSA	0.5
2014-02-26 00:00:00	DE ANGELI - MONTE ROSA	2.8333333333333335
2014-02-26 01:00:00	DE ANGELI - MONTE ROSA	3.566666666666667
2014-02-26 02:00:00	DE ANGELI - MONTE ROSA	3.0
2014-02-26 03:00:00	DE ANGELI - MONTE ROSA	3.0
2014-02-26 04:00:00	DE ANGELI - MONTE ROSA	2.7333333333333334
2014-02-26 05:00:00	DE ANGELI - MONTE ROSA	1.9666666666666666
2014-02-26 06:00:00	DE ANGELI - MONTE ROSA	1.0
2014-02-26 07:00:00	DE ANGELI - MONTE ROSA	2.1666666666666665
2014-02-26 08:00:00	DE ANGELI - MONTE ROSA	0.06666666666666667
2014-02-26 09:00:00	DE ANGELI - MONTE ROSA	0.13333333333333333
2014-02-26 10:00:00	DE ANGELI - MONTE ROSA	0.4666666666666667
2014-02-26 11:00:00	DE ANGELI - MONTE ROSA	0.8666666666666667
2014-02-26 12:00:00	DE ANGELI - MONTE ROSA	0.4
2014-02-26 13:00:00	DE ANGELI - MONTE ROSA	1.2
2014-02-26 14:00:00	DE ANGELI - MONTE ROSA	2.033333333333333
2014-02-26 15:00:00	DE ANGELI - MONTE ROSA	3.9
2014-02-26 16:00:00	DE ANGELI - MONTE ROSA	3.2
2014-02-26 17:00:00	DE ANGELI - MONTE ROSA	5.033333333333333
2014-02-26 18:00:00	DE ANGELI - MONTE ROSA	1.3
2014-02-26 19:00:00	DE ANGELI - MONTE ROSA	0.9666666666666667
2014-02-26 20:00:00	DE ANGELI - MONTE ROSA	0.5666666666666667
2014-02-26 21:00:00	DE ANGELI - MONTE ROSA	0.6333333333333333
2014-02-26 22:00:00	DE ANGELI - MONTE ROSA	0.4
2014-02-26 23:00:00	DE ANGELI - MONTE ROSA	0.9333333333333333
2014-02-27 00:00:00	DE ANGELI - MONTE ROSA	0.7
2014-02-27 01:00:00	DE ANGELI - MONTE ROSA	1.6
2014-02-27 02:00:00	DE ANGELI - MONTE ROSA	1.7666666666666666
2014-02-27 03:00:00	DE ANGELI - MONTE ROSA	3.0
2014-02-27 04:00:00	DE ANGELI - MONTE ROSA	3.0
2014-02-27 05:00:00	DE ANGELI - MONTE ROSA	2.7
2014-02-27 06:00:00	DE ANGELI - MONTE ROSA	1.0
2014-02-27 07:00:00	DE ANGELI - MONTE ROSA	1.4
2014-02-27 08:00:00	DE ANGELI - MONTE ROSA	1.0
2014-02-27 09:00:00	DE ANGELI - MONTE ROSA	3.066666666666667
2014-02-27 10:00:00	DE ANGELI - MONTE ROSA	3.8333333333333335
2014-02-27 11:00:00	DE ANGELI - MONTE ROSA	4.3
2014-02-27 12:00:00	DE ANGELI - MONTE ROSA	1.0666666666666667
2014-02-27 13:00:00	DE ANGELI - MONTE ROSA	3.2333333333333334
2014-02-27 14:00:00	DE ANGELI - MONTE ROSA	2.033333333333333
2014-02-27 15:00:00	DE ANGELI - MONTE ROSA	5.5
2014-02-27 16:00:00	DE ANGELI - MONTE ROSA	2.3333333333333335
2014-02-27 17:00:00	DE ANGELI - MONTE ROSA	1.1
2014-02-27 18:00:00	DE ANGELI - MONTE ROSA	0.6
2014-02-27 19:00:00	DE ANGELI - MONTE ROSA	2.5
2014-02-27 20:00:00	DE ANGELI - MONTE ROSA	0.9333333333333333
2014-02-27 21:00:00	DE ANGELI - MONTE ROSA	1.8333333333333333
2014-02-27 22:00:00	DE ANGELI - MONTE ROSA	2.1
2014-02-27 23:00:00	DE ANGELI - MONTE ROSA	2.7666666666666666
2014-02-28 00:00:00	DE ANGELI - MONTE ROSA	1.1666666666666667
2014-02-28 01:00:00	DE ANGELI - MONTE ROSA	1.3
2014-02-28 02:00:00	DE ANGELI - MONTE ROSA	1.3666666666666667
2014-02-28 03:00:00	DE ANGELI - MONTE ROSA	2.0
2014-02-28 04:00:00	DE ANGELI - MONTE ROSA	1.5333333333333334
2014-02-28 05:00:00	DE ANGELI - MONTE ROSA	1.0
2014-02-28 06:00:00	DE ANGELI - MONTE ROSA	0.16666666666666666
2014-02-28 08:00:00	DE ANGELI - MONTE ROSA	0.13333333333333333
2014-02-28 09:00:00	DE ANGELI - MONTE ROSA	0.5666666666666667
2014-02-28 10:00:00	DE ANGELI - MONTE ROSA	1.4333333333333333
2014-02-28 11:00:00	DE ANGELI - MONTE ROSA	0.6666666666666666
2014-02-28 12:00:00	DE ANGELI - MONTE ROSA	0.4666666666666667
2014-02-28 13:00:00	DE ANGELI - MONTE ROSA	2.6333333333333333
2014-02-28 14:00:00	DE ANGELI - MONTE ROSA	1.0333333333333334
2014-02-28 15:00:00	DE ANGELI - MONTE ROSA	2.2
2014-02-28 16:00:00	DE ANGELI - MONTE ROSA	1.6666666666666667
2014-02-28 17:00:00	DE ANGELI - MONTE ROSA	0.06666666666666667
2014-02-28 18:00:00	DE ANGELI - MONTE ROSA	1.2666666666666666
2014-02-28 19:00:00	DE ANGELI - MONTE ROSA	0.13333333333333333
2014-02-28 20:00:00	DE ANGELI - MONTE ROSA	0.3
2014-02-28 21:00:00	DE ANGELI - MONTE ROSA	2.466666666666667
2014-02-28 22:00:00	DE ANGELI - MONTE ROSA	2.2666666666666666
2014-02-28 23:00:00	DE ANGELI - MONTE ROSA	0.03333333333333333
2014-03-01 00:00:00	DE ANGELI - MONTE ROSA	1.0666666666666667
2014-03-01 01:00:00	DE ANGELI - MONTE ROSA	0.36666666666666664
2014-03-01 02:00:00	DE ANGELI - MONTE ROSA	1.6666666666666667
2014-03-01 03:00:00	DE ANGELI - MONTE ROSA	3.066666666666667
2014-03-01 04:00:00	DE ANGELI - MONTE ROSA	5.333333333333333
2014-03-01 05:00:00	DE ANGELI - MONTE ROSA	5.533333333333333
2014-03-01 06:00:00	DE ANGELI - MONTE ROSA	5.066666666666666
2014-03-01 07:00:00	DE ANGELI - MONTE ROSA	4.766666666666667
2014-03-01 08:00:00	DE ANGELI - MONTE ROSA	4.133333333333334
2014-03-01 09:00:00	DE ANGELI - MONTE ROSA	3.2666666666666666
2014-03-01 10:00:00	DE ANGELI - MONTE ROSA	2.033333333333333
2014-03-01 11:00:00	DE ANGELI - MONTE ROSA	2.2666666666666666
2014-03-01 12:00:00	DE ANGELI - MONTE ROSA	3.8333333333333335
2014-03-01 13:00:00	DE ANGELI - MONTE ROSA	5.633333333333334
2014-03-01 14:00:00	DE ANGELI - MONTE ROSA	1.8666666666666667
2014-03-01 15:00:00	DE ANGELI - MONTE ROSA	1.0666666666666667
2014-03-01 16:00:00	DE ANGELI - MONTE ROSA	2.033333333333333
2014-03-01 17:00:00	DE ANGELI - MONTE ROSA	2.7666666666666666
2014-03-01 18:00:00	DE ANGELI - MONTE ROSA	1.9
2014-03-01 19:00:00	DE ANGELI - MONTE ROSA	0.9666666666666667
2014-03-01 20:00:00	DE ANGELI - MONTE ROSA	0.6
2014-03-01 21:00:00	DE ANGELI - MONTE ROSA	1.0
2014-03-01 22:00:00	DE ANGELI - MONTE ROSA	0.6666666666666666
2014-03-01 23:00:00	DE ANGELI - MONTE ROSA	2.8666666666666667
2014-03-02 00:00:00	DE ANGELI - MONTE ROSA	4.066666666666666
2014-03-02 01:00:00	DE ANGELI - MONTE ROSA	3.933333333333333
2014-03-02 02:00:00	DE ANGELI - MONTE ROSA	5.8
2014-03-02 03:00:00	DE ANGELI - MONTE ROSA	7.666666666666667
2014-03-02 04:00:00	DE ANGELI - MONTE ROSA	8.7
2014-03-02 05:00:00	DE ANGELI - MONTE ROSA	8.433333333333334
2014-03-02 06:00:00	DE ANGELI - MONTE ROSA	10.133333333333333
2014-03-02 07:00:00	DE ANGELI - MONTE ROSA	9.466666666666667
2014-03-02 08:00:00	DE ANGELI - MONTE ROSA	8.3
2014-03-02 09:00:00	DE ANGELI - MONTE ROSA	4.866666666666666
2014-03-02 10:00:00	DE ANGELI - MONTE ROSA	3.3666666666666667
2014-03-02 11:00:00	DE ANGELI - MONTE ROSA	3.1333333333333333
2014-03-02 12:00:00	DE ANGELI - MONTE ROSA	3.6333333333333333
2014-03-02 13:00:00	DE ANGELI - MONTE ROSA	4.2
2014-03-02 14:00:00	DE ANGELI - MONTE ROSA	3.066666666666667
2014-03-02 15:00:00	DE ANGELI - MONTE ROSA	2.033333333333333
2014-03-02 16:00:00	DE ANGELI - MONTE ROSA	2.533333333333333
2014-03-02 17:00:00	DE ANGELI - MONTE ROSA	2.033333333333333
2014-03-02 18:00:00	DE ANGELI - MONTE ROSA	1.0333333333333334
2014-03-02 19:00:00	DE ANGELI - MONTE ROSA	3.0
2014-03-02 20:00:00	DE ANGELI - MONTE ROSA	4.566666666666666
2014-03-02 21:00:00	DE ANGELI - MONTE ROSA	2.2666666666666666
2014-03-02 22:00:00	DE ANGELI - MONTE ROSA	2.1
2014-03-02 23:00:00	DE ANGELI - MONTE ROSA	1.3666666666666667
2014-02-24 00:00:00	DERGANO	1.7333333333333334
2014-02-24 01:00:00	DERGANO	2.1
2014-02-24 02:00:00	DERGANO	3.066666666666667
2014-02-24 03:00:00	DERGANO	3.0
2014-02-24 04:00:00	DERGANO	3.0
2014-02-24 05:00:00	DERGANO	2.066666666666667
2014-02-24 06:00:00	DERGANO	2.0
2014-02-24 07:00:00	DERGANO	1.7666666666666666
2014-02-24 08:00:00	DERGANO	2.933333333333333
2014-02-24 09:00:00	DERGANO	3.0
2014-02-24 10:00:00	DERGANO	4.2
2014-02-24 11:00:00	DERGANO	4.1
2014-02-24 12:00:00	DERGANO	2.0
2014-02-24 13:00:00	DERGANO	2.7666666666666666
2014-02-24 14:00:00	DERGANO	3.7333333333333334
2014-02-24 15:00:00	DERGANO	4.0
2014-02-24 16:00:00	DERGANO	4.9
2014-02-24 17:00:00	DERGANO	5.9
2014-02-24 18:00:00	DERGANO	6.166666666666667
2014-02-24 19:00:00	DERGANO	5.066666666666666
2014-02-24 20:00:00	DERGANO	3.3
2014-02-24 21:00:00	DERGANO	3.933333333333333
2014-02-24 22:00:00	DERGANO	2.8
2014-02-24 23:00:00	DERGANO	4.7
2014-02-25 00:00:00	DERGANO	5.0
2014-02-25 01:00:00	DERGANO	5.666666666666667
2014-02-25 02:00:00	DERGANO	5.8
2014-02-25 03:00:00	DERGANO	6.0
2014-02-25 04:00:00	DERGANO	5.766666666666667
2014-02-25 05:00:00	DERGANO	5.3
2014-02-25 06:00:00	DERGANO	4.0
2014-02-25 07:00:00	DERGANO	3.7
2014-02-25 08:00:00	DERGANO	2.8
2014-02-25 09:00:00	DERGANO	0.7
2014-02-25 10:00:00	DERGANO	1.6
2014-02-25 11:00:00	DERGANO	4.133333333333334
2014-02-25 12:00:00	DERGANO	4.6
2014-02-25 13:00:00	DERGANO	3.6
2014-02-25 14:00:00	DERGANO	3.8
2014-02-25 15:00:00	DERGANO	2.7
2014-02-25 16:00:00	DERGANO	0.8666666666666667
2014-02-25 18:00:00	DERGANO	0.5666666666666667
2014-02-25 19:00:00	DERGANO	1.1666666666666667
2014-02-25 20:00:00	DERGANO	1.8
2014-02-25 21:00:00	DERGANO	3.2
2014-02-25 22:00:00	DERGANO	2.0
2014-02-25 23:00:00	DERGANO	2.066666666666667
2014-02-26 00:00:00	DERGANO	3.066666666666667
2014-02-26 01:00:00	DERGANO	4.6
2014-02-26 02:00:00	DERGANO	5.0
2014-02-26 03:00:00	DERGANO	5.0
2014-02-26 04:00:00	DERGANO	5.0
2014-02-26 05:00:00	DERGANO	5.0
2014-02-26 06:00:00	DERGANO	4.733333333333333
2014-02-26 07:00:00	DERGANO	4.0
2014-02-26 08:00:00	DERGANO	4.133333333333334
2014-02-26 09:00:00	DERGANO	2.433333333333333
2014-02-26 10:00:00	DERGANO	2.7666666666666666
2014-02-26 11:00:00	DERGANO	1.4333333333333333
2014-02-26 12:00:00	DERGANO	0.06666666666666667
2014-02-26 13:00:00	DERGANO	0.5
2014-02-26 14:00:00	DERGANO	1.8333333333333333
2014-02-26 15:00:00	DERGANO	1.0
2014-02-26 16:00:00	DERGANO	0.7
2014-02-26 17:00:00	DERGANO	0.23333333333333334
2014-02-26 18:00:00	DERGANO	0.23333333333333334
2014-02-26 19:00:00	DERGANO	0.3
2014-02-26 20:00:00	DERGANO	0.9
2014-02-26 21:00:00	DERGANO	1.4666666666666666
2014-02-26 22:00:00	DERGANO	2.7666666666666666
2014-02-26 23:00:00	DERGANO	3.7666666666666666
2014-02-27 00:00:00	DERGANO	2.6666666666666665
2014-02-27 01:00:00	DERGANO	1.5666666666666667
2014-02-27 02:00:00	DERGANO	2.3
2014-02-27 03:00:00	DERGANO	3.0
2014-02-27 04:00:00	DERGANO	2.533333333333333
2014-02-27 05:00:00	DERGANO	2.7666666666666666
2014-02-27 06:00:00	DERGANO	3.0
2014-02-27 07:00:00	DERGANO	1.2333333333333334
2014-02-27 08:00:00	DERGANO	0.3333333333333333
2014-02-27 09:00:00	DERGANO	1.5333333333333334
2014-02-27 10:00:00	DERGANO	2.0
2014-02-27 11:00:00	DERGANO	2.0
2014-02-27 12:00:00	DERGANO	2.966666666666667
2014-02-27 13:00:00	DERGANO	1.5666666666666667
2014-02-27 16:00:00	DERGANO	0.7333333333333333
2014-02-27 17:00:00	DERGANO	1.9333333333333333
2014-02-27 18:00:00	DERGANO	1.3
2014-02-27 19:00:00	DERGANO	1.4
2014-02-27 20:00:00	DERGANO	1.6666666666666667
2014-02-27 21:00:00	DERGANO	2.6
2014-02-27 22:00:00	DERGANO	2.4
2014-02-27 23:00:00	DERGANO	3.5
2014-02-28 00:00:00	DERGANO	4.066666666666666
2014-02-28 01:00:00	DERGANO	4.133333333333334
2014-02-28 02:00:00	DERGANO	3.0
2014-02-28 03:00:00	DERGANO	2.7
2014-02-28 04:00:00	DERGANO	2.0
2014-02-28 05:00:00	DERGANO	2.0
2014-02-28 06:00:00	DERGANO	1.6333333333333333
2014-02-28 07:00:00	DERGANO	1.8
2014-02-28 08:00:00	DERGANO	2.8333333333333335
2014-02-28 09:00:00	DERGANO	2.3
2014-02-28 10:00:00	DERGANO	1.0666666666666667
2014-02-28 11:00:00	DERGANO	0.8666666666666667
2014-02-28 12:00:00	DERGANO	1.1333333333333333
2014-02-28 13:00:00	DERGANO	2.933333333333333
2014-02-28 14:00:00	DERGANO	3.4
2014-02-28 15:00:00	DERGANO	2.2
2014-02-28 16:00:00	DERGANO	1.5
2014-02-28 18:00:00	DERGANO	0.7333333333333333
2014-02-28 19:00:00	DERGANO	1.1
2014-02-28 20:00:00	DERGANO	0.8666666666666667
2014-02-28 21:00:00	DERGANO	0.13333333333333333
2014-03-01 00:00:00	DERGANO	0.8333333333333334
2014-03-01 01:00:00	DERGANO	1.5666666666666667
2014-03-01 02:00:00	DERGANO	1.1666666666666667
2014-03-01 03:00:00	DERGANO	1.4333333333333333
2014-03-01 04:00:00	DERGANO	0.9
2014-03-01 05:00:00	DERGANO	1.4666666666666666
2014-03-01 06:00:00	DERGANO	2.0
2014-03-01 07:00:00	DERGANO	2.0
2014-03-01 08:00:00	DERGANO	1.3666666666666667
2014-03-01 09:00:00	DERGANO	1.2
2014-03-01 10:00:00	DERGANO	1.2
2014-03-01 11:00:00	DERGANO	0.43333333333333335
2014-03-01 12:00:00	DERGANO	1.2333333333333334
2014-03-01 13:00:00	DERGANO	1.5
2014-03-01 14:00:00	DERGANO	1.7666666666666666
2014-03-01 15:00:00	DERGANO	2.533333333333333
2014-03-01 16:00:00	DERGANO	1.6333333333333333
2014-03-01 17:00:00	DERGANO	2.1333333333333333
2014-03-01 18:00:00	DERGANO	1.7
2014-03-01 19:00:00	DERGANO	2.0
2014-03-01 20:00:00	DERGANO	2.8666666666666667
2014-03-01 21:00:00	DERGANO	3.066666666666667
2014-03-01 22:00:00	DERGANO	4.633333333333334
2014-03-01 23:00:00	DERGANO	5.2
2014-03-02 00:00:00	DERGANO	6.366666666666666
2014-03-02 01:00:00	DERGANO	6.833333333333333
2014-03-02 02:00:00	DERGANO	9.633333333333333
2014-03-02 03:00:00	DERGANO	11.233333333333333
2014-03-02 04:00:00	DERGANO	10.966666666666667
2014-03-02 05:00:00	DERGANO	8.4
2014-03-02 06:00:00	DERGANO	10.0
2014-03-02 07:00:00	DERGANO	9.966666666666667
2014-03-02 08:00:00	DERGANO	9.2
2014-03-02 09:00:00	DERGANO	9.366666666666667
2014-03-02 10:00:00	DERGANO	8.533333333333333
2014-03-02 11:00:00	DERGANO	7.5
2014-03-02 12:00:00	DERGANO	7.833333333333333
2014-03-02 13:00:00	DERGANO	7.0
2014-03-02 14:00:00	DERGANO	6.766666666666667
2014-03-02 15:00:00	DERGANO	7.133333333333334
2014-03-02 16:00:00	DERGANO	4.333333333333333
2014-03-02 17:00:00	DERGANO	2.3333333333333335
2014-03-02 18:00:00	DERGANO	1.3666666666666667
2014-03-02 19:00:00	DERGANO	2.0
2014-03-02 20:00:00	DERGANO	2.466666666666667
2014-03-02 21:00:00	DERGANO	1.2
2014-03-02 22:00:00	DERGANO	0.5666666666666667
2014-03-02 23:00:00	DERGANO	0.9333333333333333
2014-02-24 00:00:00	DUOMO	0.26666666666666666
2014-02-24 01:00:00	DUOMO	0.03333333333333333
2014-02-24 03:00:00	DUOMO	0.6333333333333333
2014-02-24 04:00:00	DUOMO	1.6333333333333333
2014-02-24 05:00:00	DUOMO	3.0
2014-02-24 06:00:00	DUOMO	3.1666666666666665
2014-02-24 07:00:00	DUOMO	4.633333333333334
2014-02-24 08:00:00	DUOMO	5.5
2014-02-24 09:00:00	DUOMO	10.5
2014-02-24 10:00:00	DUOMO	15.966666666666667
2014-02-24 11:00:00	DUOMO	12.666666666666666
2014-02-24 12:00:00	DUOMO	12.233333333333333
2014-02-24 13:00:00	DUOMO	14.733333333333333
2014-02-24 14:00:00	DUOMO	11.4
2014-02-24 15:00:00	DUOMO	8.066666666666666
2014-02-24 16:00:00	DUOMO	3.033333333333333
2014-02-24 17:00:00	DUOMO	0.7666666666666667
2014-02-24 18:00:00	DUOMO	0.9
2014-02-24 19:00:00	DUOMO	0.16666666666666666
2014-02-24 20:00:00	DUOMO	1.0666666666666667
2014-02-24 21:00:00	DUOMO	1.5666666666666667
2014-02-24 22:00:00	DUOMO	0.43333333333333335
2014-02-24 23:00:00	DUOMO	0.5
2014-02-25 00:00:00	DUOMO	0.5
2014-02-25 04:00:00	DUOMO	0.03333333333333333
2014-02-25 05:00:00	DUOMO	2.5
2014-02-25 06:00:00	DUOMO	3.2666666666666666
2014-02-25 07:00:00	DUOMO	4.666666666666667
2014-02-25 08:00:00	DUOMO	6.033333333333333
2014-02-25 09:00:00	DUOMO	11.3
2014-02-25 10:00:00	DUOMO	13.466666666666667
2014-02-25 11:00:00	DUOMO	15.033333333333333
2014-02-25 12:00:00	DUOMO	9.6
2014-02-25 13:00:00	DUOMO	10.966666666666667
2014-02-25 14:00:00	DUOMO	11.8
2014-02-25 15:00:00	DUOMO	11.466666666666667
2014-02-25 16:00:00	DUOMO	6.966666666666667
2014-02-25 17:00:00	DUOMO	3.6333333333333333
2014-02-25 18:00:00	DUOMO	0.6333333333333333
2014-02-25 19:00:00	DUOMO	1.0
2014-02-25 20:00:00	DUOMO	0.7666666666666667
2014-02-25 21:00:00	DUOMO	0.4
2014-02-25 22:00:00	DUOMO	0.16666666666666666
2014-02-25 23:00:00	DUOMO	0.23333333333333334
2014-02-26 00:00:00	DUOMO	0.16666666666666666
2014-02-26 01:00:00	DUOMO	0.1
2014-02-26 02:00:00	DUOMO	0.1
2014-02-26 03:00:00	DUOMO	0.7333333333333333
2014-02-26 04:00:00	DUOMO	3.1666666666666665
2014-02-26 05:00:00	DUOMO	6.933333333333334
2014-02-26 06:00:00	DUOMO	6.9
2014-02-26 07:00:00	DUOMO	5.066666666666666
2014-02-26 08:00:00	DUOMO	4.933333333333334
2014-02-26 09:00:00	DUOMO	12.733333333333333
2014-02-26 10:00:00	DUOMO	22.8
2014-02-26 11:00:00	DUOMO	24.633333333333333
2014-02-26 12:00:00	DUOMO	15.3
2014-02-26 13:00:00	DUOMO	7.933333333333334
2014-02-26 14:00:00	DUOMO	6.566666666666666
2014-02-26 15:00:00	DUOMO	11.1
2014-02-26 16:00:00	DUOMO	8.166666666666666
2014-02-26 17:00:00	DUOMO	3.8
2014-02-26 18:00:00	DUOMO	0.3333333333333333
2014-02-26 19:00:00	DUOMO	0.6333333333333333
2014-02-26 20:00:00	DUOMO	0.16666666666666666
2014-02-26 21:00:00	DUOMO	0.5333333333333333
2014-02-26 22:00:00	DUOMO	0.6333333333333333
2014-02-26 23:00:00	DUOMO	0.6333333333333333
2014-02-27 00:00:00	DUOMO	0.03333333333333333
2014-02-27 01:00:00	DUOMO	0.5333333333333333
2014-02-27 02:00:00	DUOMO	0.4666666666666667
2014-02-27 03:00:00	DUOMO	1.2666666666666666
2014-02-27 04:00:00	DUOMO	1.4333333333333333
2014-02-27 05:00:00	DUOMO	2.8333333333333335
2014-02-27 06:00:00	DUOMO	3.8666666666666667
2014-02-27 07:00:00	DUOMO	3.533333333333333
2014-02-27 08:00:00	DUOMO	6.866666666666666
2014-02-27 09:00:00	DUOMO	16.0
2014-02-27 10:00:00	DUOMO	20.633333333333333
2014-02-27 11:00:00	DUOMO	19.7
2014-02-27 12:00:00	DUOMO	15.066666666666666
2014-02-27 13:00:00	DUOMO	7.3
2014-02-27 14:00:00	DUOMO	6.333333333333333
2014-02-27 15:00:00	DUOMO	7.166666666666667
2014-02-27 16:00:00	DUOMO	6.833333333333333
2014-02-27 17:00:00	DUOMO	4.9
2014-02-27 18:00:00	DUOMO	0.5666666666666667
2014-02-27 19:00:00	DUOMO	0.5
2014-02-27 20:00:00	DUOMO	0.7666666666666667
2014-02-27 21:00:00	DUOMO	1.5333333333333334
2014-02-27 22:00:00	DUOMO	0.4666666666666667
2014-02-27 23:00:00	DUOMO	0.5333333333333333
2014-02-28 00:00:00	DUOMO	0.2
2014-02-28 01:00:00	DUOMO	0.1
2014-02-28 02:00:00	DUOMO	0.9333333333333333
2014-02-28 03:00:00	DUOMO	0.06666666666666667
2014-02-28 04:00:00	DUOMO	0.2
2014-02-28 05:00:00	DUOMO	2.3666666666666667
2014-02-28 06:00:00	DUOMO	6.2
2014-02-28 07:00:00	DUOMO	8.466666666666667
2014-02-28 08:00:00	DUOMO	10.7
2014-02-28 09:00:00	DUOMO	19.7
2014-02-28 10:00:00	DUOMO	22.7
2014-02-28 11:00:00	DUOMO	18.2
2014-02-28 12:00:00	DUOMO	17.733333333333334
2014-02-28 13:00:00	DUOMO	10.233333333333333
2014-02-28 14:00:00	DUOMO	8.466666666666667
2014-02-28 15:00:00	DUOMO	4.866666666666666
2014-02-28 16:00:00	DUOMO	1.1
2014-02-28 17:00:00	DUOMO	0.5
2014-02-28 18:00:00	DUOMO	0.4
2014-02-28 19:00:00	DUOMO	0.26666666666666666
2014-02-28 20:00:00	DUOMO	0.5333333333333333
2014-02-28 21:00:00	DUOMO	2.1666666666666665
2014-02-28 22:00:00	DUOMO	1.6
2014-02-28 23:00:00	DUOMO	1.1333333333333333
2014-03-01 00:00:00	DUOMO	0.6
2014-03-01 01:00:00	DUOMO	0.6333333333333333
2014-03-01 02:00:00	DUOMO	0.16666666666666666
2014-03-01 03:00:00	DUOMO	0.03333333333333333
2014-03-01 04:00:00	DUOMO	0.03333333333333333
2014-03-01 05:00:00	DUOMO	2.1
2014-03-01 06:00:00	DUOMO	5.0
2014-03-01 07:00:00	DUOMO	7.0
2014-03-01 08:00:00	DUOMO	6.733333333333333
2014-03-01 09:00:00	DUOMO	6.333333333333333
2014-03-01 10:00:00	DUOMO	11.0
2014-03-01 11:00:00	DUOMO	11.933333333333334
2014-03-01 12:00:00	DUOMO	7.1
2014-03-01 13:00:00	DUOMO	7.733333333333333
2014-03-01 14:00:00	DUOMO	6.066666666666666
2014-03-01 15:00:00	DUOMO	3.6
2014-03-01 16:00:00	DUOMO	1.8333333333333333
2014-03-01 17:00:00	DUOMO	4.066666666666666
2014-03-01 18:00:00	DUOMO	3.2
2014-03-01 19:00:00	DUOMO	1.2
2014-03-01 20:00:00	DUOMO	0.7
2014-03-01 21:00:00	DUOMO	4.0
2014-03-01 22:00:00	DUOMO	3.1666666666666665
2014-03-01 23:00:00	DUOMO	2.6
2014-03-02 00:00:00	DUOMO	0.5666666666666667
2014-03-02 01:00:00	DUOMO	0.7333333333333333
2014-03-02 02:00:00	DUOMO	0.13333333333333333
2014-03-02 04:00:00	DUOMO	0.13333333333333333
2014-03-02 05:00:00	DUOMO	0.8333333333333334
2014-03-02 06:00:00	DUOMO	3.433333333333333
2014-03-02 07:00:00	DUOMO	3.1666666666666665
2014-03-02 08:00:00	DUOMO	2.8666666666666667
2014-03-02 09:00:00	DUOMO	2.7
2014-03-02 10:00:00	DUOMO	4.066666666666666
2014-03-02 11:00:00	DUOMO	7.433333333333334
2014-03-02 12:00:00	DUOMO	6.633333333333334
2014-03-02 13:00:00	DUOMO	2.9
2014-03-02 14:00:00	DUOMO	5.033333333333333
2014-03-02 15:00:00	DUOMO	4.233333333333333
2014-03-02 16:00:00	DUOMO	3.3
2014-03-02 17:00:00	DUOMO	2.3666666666666667
2014-03-02 18:00:00	DUOMO	0.6333333333333333
2014-03-02 19:00:00	DUOMO	0.8333333333333334
2014-03-02 20:00:00	DUOMO	0.5666666666666667
2014-03-02 21:00:00	DUOMO	0.6
2014-03-02 22:00:00	DUOMO	0.03333333333333333
2014-03-02 23:00:00	DUOMO	0.23333333333333334
2014-02-24 00:00:00	EX OM - MORIVIONE	5.466666666666667
2014-02-24 01:00:00	EX OM - MORIVIONE	5.4
2014-02-24 02:00:00	EX OM - MORIVIONE	5.266666666666667
2014-02-24 03:00:00	EX OM - MORIVIONE	5.0
2014-02-24 04:00:00	EX OM - MORIVIONE	5.0
2014-02-24 05:00:00	EX OM - MORIVIONE	3.8666666666666667
2014-02-24 06:00:00	EX OM - MORIVIONE	3.0
2014-02-24 07:00:00	EX OM - MORIVIONE	2.466666666666667
2014-02-24 08:00:00	EX OM - MORIVIONE	0.06666666666666667
2014-02-24 09:00:00	EX OM - MORIVIONE	1.0333333333333334
2014-02-24 10:00:00	EX OM - MORIVIONE	0.5333333333333333
2014-02-24 11:00:00	EX OM - MORIVIONE	1.8333333333333333
2014-02-24 12:00:00	EX OM - MORIVIONE	2.033333333333333
2014-02-24 13:00:00	EX OM - MORIVIONE	0.7333333333333333
2014-02-24 14:00:00	EX OM - MORIVIONE	2.0
2014-02-24 15:00:00	EX OM - MORIVIONE	0.23333333333333334
2014-02-24 16:00:00	EX OM - MORIVIONE	0.26666666666666666
2014-02-24 17:00:00	EX OM - MORIVIONE	1.1666666666666667
2014-02-24 18:00:00	EX OM - MORIVIONE	1.2333333333333334
2014-02-24 19:00:00	EX OM - MORIVIONE	1.8
2014-02-24 20:00:00	EX OM - MORIVIONE	1.5
2014-02-24 21:00:00	EX OM - MORIVIONE	2.3333333333333335
2014-02-24 22:00:00	EX OM - MORIVIONE	1.6666666666666667
2014-02-24 23:00:00	EX OM - MORIVIONE	3.3333333333333335
2014-02-25 00:00:00	EX OM - MORIVIONE	2.8
2014-02-25 01:00:00	EX OM - MORIVIONE	5.766666666666667
2014-02-25 02:00:00	EX OM - MORIVIONE	5.8
2014-02-25 03:00:00	EX OM - MORIVIONE	6.333333333333333
2014-02-25 04:00:00	EX OM - MORIVIONE	7.0
2014-02-25 05:00:00	EX OM - MORIVIONE	6.166666666666667
2014-02-25 06:00:00	EX OM - MORIVIONE	5.533333333333333
2014-02-25 07:00:00	EX OM - MORIVIONE	5.0
2014-02-25 08:00:00	EX OM - MORIVIONE	3.466666666666667
2014-02-25 09:00:00	EX OM - MORIVIONE	0.36666666666666664
2014-02-25 10:00:00	EX OM - MORIVIONE	0.5
2014-02-25 11:00:00	EX OM - MORIVIONE	1.0
2014-02-25 12:00:00	EX OM - MORIVIONE	0.5333333333333333
2014-02-25 13:00:00	EX OM - MORIVIONE	0.9666666666666667
2014-02-25 14:00:00	EX OM - MORIVIONE	0.4666666666666667
2014-02-25 15:00:00	EX OM - MORIVIONE	0.9
2014-02-25 16:00:00	EX OM - MORIVIONE	2.066666666666667
2014-02-25 17:00:00	EX OM - MORIVIONE	3.6333333333333333
2014-02-25 18:00:00	EX OM - MORIVIONE	1.6333333333333333
2014-02-25 19:00:00	EX OM - MORIVIONE	1.8
2014-02-25 20:00:00	EX OM - MORIVIONE	2.3666666666666667
2014-02-25 21:00:00	EX OM - MORIVIONE	2.4
2014-02-25 22:00:00	EX OM - MORIVIONE	2.3666666666666667
2014-02-25 23:00:00	EX OM - MORIVIONE	0.23333333333333334
2014-02-26 00:00:00	EX OM - MORIVIONE	1.6
2014-02-26 01:00:00	EX OM - MORIVIONE	3.3
2014-02-26 02:00:00	EX OM - MORIVIONE	4.0
2014-02-26 03:00:00	EX OM - MORIVIONE	4.0
2014-02-26 04:00:00	EX OM - MORIVIONE	4.0
2014-02-26 05:00:00	EX OM - MORIVIONE	4.0
2014-02-26 06:00:00	EX OM - MORIVIONE	4.9
2014-02-26 07:00:00	EX OM - MORIVIONE	4.133333333333334
2014-02-26 08:00:00	EX OM - MORIVIONE	1.8333333333333333
2014-02-26 09:00:00	EX OM - MORIVIONE	0.16666666666666666
2014-02-26 10:00:00	EX OM - MORIVIONE	0.03333333333333333
2014-02-26 11:00:00	EX OM - MORIVIONE	0.36666666666666664
2014-02-26 12:00:00	EX OM - MORIVIONE	1.4666666666666666
2014-02-26 13:00:00	EX OM - MORIVIONE	1.0666666666666667
2014-02-26 14:00:00	EX OM - MORIVIONE	1.0666666666666667
2014-02-26 15:00:00	EX OM - MORIVIONE	0.26666666666666666
2014-02-26 16:00:00	EX OM - MORIVIONE	0.4666666666666667
2014-02-26 17:00:00	EX OM - MORIVIONE	0.23333333333333334
2014-02-26 18:00:00	EX OM - MORIVIONE	0.9
2014-02-26 19:00:00	EX OM - MORIVIONE	0.5
2014-02-26 20:00:00	EX OM - MORIVIONE	0.4
2014-02-26 21:00:00	EX OM - MORIVIONE	3.3
2014-02-26 22:00:00	EX OM - MORIVIONE	4.5
2014-02-26 23:00:00	EX OM - MORIVIONE	4.933333333333334
2014-02-27 00:00:00	EX OM - MORIVIONE	6.466666666666667
2014-02-27 01:00:00	EX OM - MORIVIONE	7.1
2014-02-27 02:00:00	EX OM - MORIVIONE	9.966666666666667
2014-02-27 03:00:00	EX OM - MORIVIONE	9.466666666666667
2014-02-27 04:00:00	EX OM - MORIVIONE	7.233333333333333
2014-02-27 05:00:00	EX OM - MORIVIONE	6.0
2014-02-27 06:00:00	EX OM - MORIVIONE	6.2
2014-02-27 07:00:00	EX OM - MORIVIONE	4.6
2014-02-27 08:00:00	EX OM - MORIVIONE	1.1333333333333333
2014-02-27 09:00:00	EX OM - MORIVIONE	0.8
2014-02-27 10:00:00	EX OM - MORIVIONE	0.7666666666666667
2014-02-27 11:00:00	EX OM - MORIVIONE	1.2
2014-02-27 12:00:00	EX OM - MORIVIONE	0.5666666666666667
2014-02-27 13:00:00	EX OM - MORIVIONE	0.4666666666666667
2014-02-27 14:00:00	EX OM - MORIVIONE	0.6333333333333333
2014-02-27 15:00:00	EX OM - MORIVIONE	0.6666666666666666
2014-02-27 16:00:00	EX OM - MORIVIONE	0.23333333333333334
2014-02-27 17:00:00	EX OM - MORIVIONE	0.7666666666666667
2014-02-27 18:00:00	EX OM - MORIVIONE	1.2333333333333334
2014-02-27 19:00:00	EX OM - MORIVIONE	0.26666666666666666
2014-02-27 20:00:00	EX OM - MORIVIONE	1.2666666666666666
2014-02-27 21:00:00	EX OM - MORIVIONE	3.1
2014-02-27 22:00:00	EX OM - MORIVIONE	2.033333333333333
2014-02-27 23:00:00	EX OM - MORIVIONE	0.6333333333333333
2014-02-28 00:00:00	EX OM - MORIVIONE	0.9
2014-02-28 01:00:00	EX OM - MORIVIONE	3.8333333333333335
2014-02-28 02:00:00	EX OM - MORIVIONE	3.7666666666666666
2014-02-28 03:00:00	EX OM - MORIVIONE	4.266666666666667
2014-02-28 04:00:00	EX OM - MORIVIONE	5.733333333333333
2014-02-28 05:00:00	EX OM - MORIVIONE	5.133333333333334
2014-02-28 06:00:00	EX OM - MORIVIONE	3.966666666666667
2014-02-28 07:00:00	EX OM - MORIVIONE	2.3333333333333335
2014-02-28 10:00:00	EX OM - MORIVIONE	1.5
2014-02-28 11:00:00	EX OM - MORIVIONE	0.8666666666666667
2014-02-28 12:00:00	EX OM - MORIVIONE	0.36666666666666664
2014-02-28 13:00:00	EX OM - MORIVIONE	0.7333333333333333
2014-02-28 14:00:00	EX OM - MORIVIONE	2.3333333333333335
2014-02-28 15:00:00	EX OM - MORIVIONE	1.4333333333333333
2014-02-28 16:00:00	EX OM - MORIVIONE	1.1666666666666667
2014-02-28 17:00:00	EX OM - MORIVIONE	2.466666666666667
2014-02-28 18:00:00	EX OM - MORIVIONE	1.9666666666666666
2014-02-28 19:00:00	EX OM - MORIVIONE	0.4666666666666667
2014-02-28 20:00:00	EX OM - MORIVIONE	0.26666666666666666
2014-02-28 21:00:00	EX OM - MORIVIONE	0.36666666666666664
2014-02-28 22:00:00	EX OM - MORIVIONE	0.23333333333333334
2014-02-28 23:00:00	EX OM - MORIVIONE	2.2
2014-03-01 00:00:00	EX OM - MORIVIONE	0.6
2014-03-01 01:00:00	EX OM - MORIVIONE	1.1
2014-03-01 02:00:00	EX OM - MORIVIONE	2.2333333333333334
2014-03-01 03:00:00	EX OM - MORIVIONE	1.5
2014-03-01 04:00:00	EX OM - MORIVIONE	0.2
2014-03-01 05:00:00	EX OM - MORIVIONE	1.0333333333333334
2014-03-01 08:00:00	EX OM - MORIVIONE	0.9666666666666667
2014-03-01 09:00:00	EX OM - MORIVIONE	0.23333333333333334
2014-03-01 10:00:00	EX OM - MORIVIONE	0.5
2014-03-01 12:00:00	EX OM - MORIVIONE	1.3
2014-03-01 13:00:00	EX OM - MORIVIONE	0.9666666666666667
2014-03-01 14:00:00	EX OM - MORIVIONE	1.4
2014-03-01 15:00:00	EX OM - MORIVIONE	0.03333333333333333
2014-03-01 16:00:00	EX OM - MORIVIONE	0.23333333333333334
2014-03-01 17:00:00	EX OM - MORIVIONE	0.03333333333333333
2014-03-01 18:00:00	EX OM - MORIVIONE	0.4
2014-03-01 19:00:00	EX OM - MORIVIONE	1.0
2014-03-01 20:00:00	EX OM - MORIVIONE	0.36666666666666664
2014-03-01 21:00:00	EX OM - MORIVIONE	1.2
2014-03-01 22:00:00	EX OM - MORIVIONE	2.1
2014-03-01 23:00:00	EX OM - MORIVIONE	1.2333333333333334
2014-03-02 00:00:00	EX OM - MORIVIONE	1.3333333333333333
2014-03-02 01:00:00	EX OM - MORIVIONE	5.233333333333333
2014-03-02 02:00:00	EX OM - MORIVIONE	5.866666666666666
2014-03-02 03:00:00	EX OM - MORIVIONE	4.666666666666667
2014-03-02 04:00:00	EX OM - MORIVIONE	1.2333333333333334
2014-03-02 05:00:00	EX OM - MORIVIONE	0.8333333333333334
2014-03-02 06:00:00	EX OM - MORIVIONE	1.0
2014-03-02 07:00:00	EX OM - MORIVIONE	0.9666666666666667
2014-03-02 08:00:00	EX OM - MORIVIONE	0.8
2014-03-02 11:00:00	EX OM - MORIVIONE	0.23333333333333334
2014-03-02 12:00:00	EX OM - MORIVIONE	0.7
2014-03-02 13:00:00	EX OM - MORIVIONE	1.5666666666666667
2014-03-02 14:00:00	EX OM - MORIVIONE	1.4333333333333333
2014-03-02 15:00:00	EX OM - MORIVIONE	0.06666666666666667
2014-03-02 16:00:00	EX OM - MORIVIONE	0.23333333333333334
2014-03-02 17:00:00	EX OM - MORIVIONE	0.7
2014-03-02 18:00:00	EX OM - MORIVIONE	1.2333333333333334
2014-03-02 19:00:00	EX OM - MORIVIONE	1.6666666666666667
2014-03-02 20:00:00	EX OM - MORIVIONE	2.8333333333333335
2014-03-02 21:00:00	EX OM - MORIVIONE	10.5
2014-03-02 22:00:00	EX OM - MORIVIONE	17.466666666666665
2014-03-02 23:00:00	EX OM - MORIVIONE	12.533333333333333
2014-02-24 00:00:00	FARINI	1.0
2014-02-24 01:00:00	FARINI	1.0
2014-02-24 02:00:00	FARINI	1.0
2014-02-24 03:00:00	FARINI	1.0
2014-02-24 04:00:00	FARINI	1.0
2014-02-24 05:00:00	FARINI	1.0
2014-02-24 06:00:00	FARINI	1.0
2014-02-24 07:00:00	FARINI	1.4333333333333333
2014-02-24 08:00:00	FARINI	0.8666666666666667
2014-02-24 09:00:00	FARINI	0.6333333333333333
2014-02-24 10:00:00	FARINI	1.0
2014-02-24 11:00:00	FARINI	1.0
2014-02-24 12:00:00	FARINI	1.0
2014-02-24 13:00:00	FARINI	1.0
2014-02-24 14:00:00	FARINI	1.4666666666666666
2014-02-24 15:00:00	FARINI	1.6333333333333333
2014-02-24 16:00:00	FARINI	1.2666666666666666
2014-02-24 17:00:00	FARINI	1.0
2014-02-24 18:00:00	FARINI	1.7
2014-02-24 19:00:00	FARINI	1.1333333333333333
2014-02-24 20:00:00	FARINI	1.9333333333333333
2014-02-24 21:00:00	FARINI	3.0
2014-02-24 22:00:00	FARINI	1.3333333333333333
2014-02-24 23:00:00	FARINI	1.4
2014-02-25 00:00:00	FARINI	2.0
2014-02-25 01:00:00	FARINI	1.0
2014-02-25 02:00:00	FARINI	0.9666666666666667
2014-02-25 03:00:00	FARINI	1.0
2014-02-25 04:00:00	FARINI	1.0
2014-02-25 05:00:00	FARINI	0.9666666666666667
2014-02-25 06:00:00	FARINI	1.0
2014-02-25 07:00:00	FARINI	1.8
2014-02-25 08:00:00	FARINI	0.03333333333333333
2014-02-25 09:00:00	FARINI	0.9
2014-02-25 10:00:00	FARINI	0.7
2014-02-25 11:00:00	FARINI	0.8
2014-02-25 12:00:00	FARINI	1.5
2014-02-25 13:00:00	FARINI	1.7
2014-02-25 14:00:00	FARINI	2.0
2014-02-25 15:00:00	FARINI	2.0
2014-02-25 16:00:00	FARINI	2.0
2014-02-25 17:00:00	FARINI	1.2
2014-02-25 18:00:00	FARINI	1.6
2014-02-25 19:00:00	FARINI	0.8
2014-02-25 21:00:00	FARINI	0.2
2014-02-25 22:00:00	FARINI	1.0
2014-02-25 23:00:00	FARINI	1.0333333333333334
2014-02-26 00:00:00	FARINI	1.1666666666666667
2014-02-26 01:00:00	FARINI	2.0
2014-02-26 02:00:00	FARINI	2.0
2014-02-26 03:00:00	FARINI	2.0
2014-02-26 04:00:00	FARINI	2.0
2014-02-26 05:00:00	FARINI	2.0
2014-02-26 06:00:00	FARINI	2.0
2014-02-26 07:00:00	FARINI	1.6
2014-02-26 08:00:00	FARINI	0.9
2014-02-26 09:00:00	FARINI	0.9333333333333333
2014-02-26 10:00:00	FARINI	2.7
2014-02-26 11:00:00	FARINI	3.966666666666667
2014-02-26 12:00:00	FARINI	1.6666666666666667
2014-02-26 14:00:00	FARINI	0.3
2014-02-26 15:00:00	FARINI	0.4
2014-02-26 17:00:00	FARINI	0.8666666666666667
2014-02-26 18:00:00	FARINI	0.13333333333333333
2014-02-26 19:00:00	FARINI	0.16666666666666666
2014-02-27 01:00:00	FARINI	0.9333333333333333
2014-02-27 02:00:00	FARINI	1.0
2014-02-27 03:00:00	FARINI	1.0
2014-02-27 04:00:00	FARINI	1.0
2014-02-27 05:00:00	FARINI	1.0
2014-02-27 06:00:00	FARINI	0.06666666666666667
2014-02-27 08:00:00	FARINI	0.7333333333333333
2014-02-27 09:00:00	FARINI	1.2333333333333334
2014-02-27 10:00:00	FARINI	2.2666666666666666
2014-02-27 11:00:00	FARINI	1.1
2014-02-27 12:00:00	FARINI	1.7666666666666666
2014-02-27 13:00:00	FARINI	3.2666666666666666
2014-02-27 14:00:00	FARINI	0.7333333333333333
2014-02-27 16:00:00	FARINI	0.06666666666666667
2014-02-27 17:00:00	FARINI	1.1333333333333333
2014-02-27 18:00:00	FARINI	1.3666666666666667
2014-02-27 19:00:00	FARINI	0.36666666666666664
2014-02-27 20:00:00	FARINI	0.3333333333333333
2014-02-27 21:00:00	FARINI	0.6666666666666666
2014-02-27 22:00:00	FARINI	0.6666666666666666
2014-02-27 23:00:00	FARINI	2.0
2014-02-28 00:00:00	FARINI	2.033333333333333
2014-02-28 01:00:00	FARINI	3.433333333333333
2014-02-28 02:00:00	FARINI	4.0
2014-02-28 03:00:00	FARINI	4.0
2014-02-28 04:00:00	FARINI	4.0
2014-02-28 05:00:00	FARINI	3.033333333333333
2014-02-28 06:00:00	FARINI	3.0
2014-02-28 07:00:00	FARINI	2.2
2014-02-28 08:00:00	FARINI	1.2333333333333334
2014-02-28 09:00:00	FARINI	0.36666666666666664
2014-02-28 10:00:00	FARINI	1.9333333333333333
2014-02-28 11:00:00	FARINI	1.7
2014-02-28 12:00:00	FARINI	3.1
2014-02-28 13:00:00	FARINI	3.0
2014-02-28 14:00:00	FARINI	3.0
2014-02-28 15:00:00	FARINI	2.7333333333333334
2014-02-28 16:00:00	FARINI	3.0
2014-02-28 17:00:00	FARINI	2.8333333333333335
2014-02-28 18:00:00	FARINI	1.8666666666666667
2014-02-28 19:00:00	FARINI	0.03333333333333333
2014-02-28 22:00:00	FARINI	0.43333333333333335
2014-02-28 23:00:00	FARINI	0.36666666666666664
2014-03-01 00:00:00	FARINI	2.1666666666666665
2014-03-01 01:00:00	FARINI	4.766666666666667
2014-03-01 02:00:00	FARINI	3.7
2014-03-01 03:00:00	FARINI	1.4
2014-03-01 04:00:00	FARINI	0.03333333333333333
2014-03-01 09:00:00	FARINI	0.3
2014-03-01 11:00:00	FARINI	0.36666666666666664
2014-03-01 14:00:00	FARINI	0.16666666666666666
2014-03-01 15:00:00	FARINI	0.1
2014-03-01 18:00:00	FARINI	0.2
2014-03-01 19:00:00	FARINI	0.3333333333333333
2014-03-01 20:00:00	FARINI	1.0
2014-03-01 21:00:00	FARINI	0.36666666666666664
2014-03-01 22:00:00	FARINI	1.8333333333333333
2014-03-01 23:00:00	FARINI	2.566666666666667
2014-03-02 00:00:00	FARINI	1.3666666666666667
2014-03-02 01:00:00	FARINI	2.1
2014-03-02 02:00:00	FARINI	1.2333333333333334
2014-03-02 04:00:00	FARINI	0.13333333333333333
2014-03-02 08:00:00	FARINI	0.2
2014-03-02 10:00:00	FARINI	0.4666666666666667
2014-03-02 11:00:00	FARINI	1.4
2014-03-02 12:00:00	FARINI	0.8666666666666667
2014-03-02 13:00:00	FARINI	0.03333333333333333
2014-03-02 14:00:00	FARINI	0.7666666666666667
2014-03-02 15:00:00	FARINI	0.8333333333333334
2014-03-02 16:00:00	FARINI	0.3333333333333333
2014-03-02 17:00:00	FARINI	2.7
2014-03-02 18:00:00	FARINI	3.966666666666667
2014-03-02 19:00:00	FARINI	2.7333333333333334
2014-03-02 20:00:00	FARINI	0.6333333333333333
2014-03-02 21:00:00	FARINI	0.8666666666666667
2014-03-02 22:00:00	FARINI	1.3333333333333333
2014-03-02 23:00:00	FARINI	0.8
2014-02-24 00:00:00	FIGINO	1.0
2014-02-24 01:00:00	FIGINO	1.0
2014-02-24 02:00:00	FIGINO	1.0
2014-02-24 03:00:00	FIGINO	1.0
2014-02-24 04:00:00	FIGINO	1.0
2014-02-24 05:00:00	FIGINO	1.0
2014-02-24 06:00:00	FIGINO	1.0
2014-02-24 07:00:00	FIGINO	1.0
2014-02-24 08:00:00	FIGINO	1.0
2014-02-24 09:00:00	FIGINO	1.0
2014-02-24 10:00:00	FIGINO	1.0
2014-02-24 11:00:00	FIGINO	1.0
2014-02-24 12:00:00	FIGINO	1.0
2014-02-24 13:00:00	FIGINO	1.0
2014-02-24 14:00:00	FIGINO	1.0
2014-02-24 15:00:00	FIGINO	0.1
2014-02-24 18:00:00	FIGINO	0.4
2014-02-24 19:00:00	FIGINO	1.0
2014-02-24 20:00:00	FIGINO	1.0
2014-02-24 21:00:00	FIGINO	1.0
2014-02-24 22:00:00	FIGINO	0.5333333333333333
2014-02-24 23:00:00	FIGINO	0.8
2014-02-25 00:00:00	FIGINO	1.0
2014-02-25 01:00:00	FIGINO	1.0
2014-02-25 02:00:00	FIGINO	0.9666666666666667
2014-02-25 03:00:00	FIGINO	1.0
2014-02-25 04:00:00	FIGINO	1.0
2014-02-25 05:00:00	FIGINO	0.9666666666666667
2014-02-25 06:00:00	FIGINO	1.0
2014-02-25 07:00:00	FIGINO	1.0
2014-02-25 08:00:00	FIGINO	1.0
2014-02-25 09:00:00	FIGINO	1.0
2014-02-25 10:00:00	FIGINO	1.0
2014-02-25 11:00:00	FIGINO	1.0
2014-02-25 12:00:00	FIGINO	0.9333333333333333
2014-02-25 13:00:00	FIGINO	1.0
2014-02-25 14:00:00	FIGINO	1.0
2014-02-25 15:00:00	FIGINO	1.0
2014-02-25 16:00:00	FIGINO	1.0
2014-02-25 17:00:00	FIGINO	1.0
2014-02-25 18:00:00	FIGINO	1.0
2014-02-25 19:00:00	FIGINO	1.0
2014-02-25 20:00:00	FIGINO	1.0
2014-02-25 21:00:00	FIGINO	0.2
2014-02-26 01:00:00	FIGINO	0.8333333333333334
2014-02-26 02:00:00	FIGINO	1.0
2014-02-26 03:00:00	FIGINO	1.0
2014-02-26 04:00:00	FIGINO	1.0
2014-02-26 05:00:00	FIGINO	1.0
2014-02-26 06:00:00	FIGINO	1.0
2014-02-26 07:00:00	FIGINO	1.0
2014-02-26 08:00:00	FIGINO	1.0
2014-02-26 09:00:00	FIGINO	1.0
2014-02-26 10:00:00	FIGINO	1.0
2014-02-26 11:00:00	FIGINO	1.0
2014-02-26 12:00:00	FIGINO	1.0
2014-02-26 13:00:00	FIGINO	0.9333333333333333
2014-02-26 14:00:00	FIGINO	1.0
2014-02-26 15:00:00	FIGINO	1.0
2014-02-26 16:00:00	FIGINO	1.0
2014-02-26 17:00:00	FIGINO	1.0
2014-02-26 18:00:00	FIGINO	0.9666666666666667
2014-02-26 19:00:00	FIGINO	1.0
2014-02-26 20:00:00	FIGINO	1.3333333333333333
2014-02-26 21:00:00	FIGINO	2.0
2014-02-26 22:00:00	FIGINO	2.0
2014-02-26 23:00:00	FIGINO	2.0
2014-02-27 00:00:00	FIGINO	2.1333333333333333
2014-02-27 01:00:00	FIGINO	3.0
2014-02-27 02:00:00	FIGINO	3.0
2014-02-27 03:00:00	FIGINO	3.0
2014-02-27 04:00:00	FIGINO	3.0
2014-02-27 05:00:00	FIGINO	3.0
2014-02-27 06:00:00	FIGINO	3.0
2014-02-27 07:00:00	FIGINO	2.2
2014-02-27 08:00:00	FIGINO	2.0
2014-02-27 09:00:00	FIGINO	2.0
2014-02-27 10:00:00	FIGINO	2.0
2014-02-27 11:00:00	FIGINO	2.0
2014-02-27 12:00:00	FIGINO	1.1333333333333333
2014-02-27 13:00:00	FIGINO	1.0
2014-02-27 14:00:00	FIGINO	0.7333333333333333
2014-02-27 15:00:00	FIGINO	1.0
2014-02-27 16:00:00	FIGINO	1.0
2014-02-27 17:00:00	FIGINO	1.0
2014-02-27 18:00:00	FIGINO	1.0
2014-02-27 19:00:00	FIGINO	1.2666666666666666
2014-02-27 20:00:00	FIGINO	2.0
2014-02-27 21:00:00	FIGINO	2.0
2014-02-27 22:00:00	FIGINO	1.8666666666666667
2014-02-27 23:00:00	FIGINO	2.0
2014-02-28 00:00:00	FIGINO	1.9333333333333333
2014-02-28 01:00:00	FIGINO	1.9333333333333333
2014-02-28 02:00:00	FIGINO	2.0
2014-02-28 03:00:00	FIGINO	2.0
2014-02-28 04:00:00	FIGINO	2.0
2014-02-28 05:00:00	FIGINO	2.0
2014-02-28 06:00:00	FIGINO	2.0
2014-02-28 07:00:00	FIGINO	2.0
2014-02-28 08:00:00	FIGINO	2.0
2014-02-28 09:00:00	FIGINO	2.0
2014-02-28 10:00:00	FIGINO	1.8666666666666667
2014-02-28 11:00:00	FIGINO	1.7333333333333334
2014-02-28 12:00:00	FIGINO	2.0
2014-02-28 13:00:00	FIGINO	2.0
2014-02-28 14:00:00	FIGINO	2.0
2014-02-28 15:00:00	FIGINO	2.0
2014-02-28 16:00:00	FIGINO	2.0
2014-02-28 17:00:00	FIGINO	2.0
2014-02-28 18:00:00	FIGINO	2.0
2014-02-28 19:00:00	FIGINO	2.0
2014-02-28 20:00:00	FIGINO	2.533333333333333
2014-02-28 21:00:00	FIGINO	3.0
2014-02-28 22:00:00	FIGINO	3.0
2014-02-28 23:00:00	FIGINO	3.0
2014-03-01 00:00:00	FIGINO	3.0
2014-03-01 01:00:00	FIGINO	3.0
2014-03-01 02:00:00	FIGINO	2.3
2014-03-01 03:00:00	FIGINO	2.6
2014-03-01 04:00:00	FIGINO	3.0
2014-03-01 05:00:00	FIGINO	3.0
2014-03-01 06:00:00	FIGINO	3.0
2014-03-01 07:00:00	FIGINO	3.0
2014-03-01 08:00:00	FIGINO	2.933333333333333
2014-03-01 09:00:00	FIGINO	2.0
2014-03-01 10:00:00	FIGINO	2.0
2014-03-01 11:00:00	FIGINO	2.0
2014-03-01 12:00:00	FIGINO	2.0
2014-03-01 13:00:00	FIGINO	2.0
2014-03-01 14:00:00	FIGINO	2.0
2014-03-01 15:00:00	FIGINO	2.0
2014-03-01 16:00:00	FIGINO	2.0
2014-03-01 17:00:00	FIGINO	2.0
2014-03-01 18:00:00	FIGINO	2.0
2014-03-01 19:00:00	FIGINO	2.0
2014-03-01 20:00:00	FIGINO	2.0
2014-03-01 21:00:00	FIGINO	2.0
2014-03-01 22:00:00	FIGINO	2.0
2014-03-01 23:00:00	FIGINO	2.0
2014-03-02 00:00:00	FIGINO	2.0
2014-03-02 01:00:00	FIGINO	2.0
2014-03-02 02:00:00	FIGINO	1.9333333333333333
2014-03-02 03:00:00	FIGINO	2.0
2014-03-02 04:00:00	FIGINO	2.0
2014-03-02 05:00:00	FIGINO	1.7333333333333334
2014-03-02 06:00:00	FIGINO	2.0
2014-03-02 07:00:00	FIGINO	2.0
2014-03-02 08:00:00	FIGINO	2.0
2014-03-02 09:00:00	FIGINO	1.1666666666666667
2014-03-02 10:00:00	FIGINO	1.0
2014-03-02 11:00:00	FIGINO	1.0
2014-03-02 12:00:00	FIGINO	1.0
2014-03-02 13:00:00	FIGINO	1.0
2014-03-02 14:00:00	FIGINO	1.0
2014-03-02 15:00:00	FIGINO	1.0
2014-03-02 16:00:00	FIGINO	1.0
2014-03-02 17:00:00	FIGINO	1.0
2014-03-02 18:00:00	FIGINO	1.3333333333333333
2014-03-02 19:00:00	FIGINO	1.0
2014-03-02 20:00:00	FIGINO	1.0
2014-03-02 21:00:00	FIGINO	1.0
2014-03-02 22:00:00	FIGINO	1.0
2014-03-02 23:00:00	FIGINO	1.0
2014-02-24 00:00:00	FORZE ARMATE	13.533333333333333
2014-02-24 01:00:00	FORZE ARMATE	14.0
2014-02-24 02:00:00	FORZE ARMATE	14.0
2014-02-24 03:00:00	FORZE ARMATE	14.833333333333334
2014-02-24 04:00:00	FORZE ARMATE	15.0
2014-02-24 05:00:00	FORZE ARMATE	15.0
2014-02-24 06:00:00	FORZE ARMATE	15.0
2014-02-24 07:00:00	FORZE ARMATE	14.9
2014-02-24 08:00:00	FORZE ARMATE	11.8
2014-02-24 09:00:00	FORZE ARMATE	12.0
2014-02-24 10:00:00	FORZE ARMATE	12.433333333333334
2014-02-24 11:00:00	FORZE ARMATE	13.0
2014-02-24 12:00:00	FORZE ARMATE	12.233333333333333
2014-02-24 13:00:00	FORZE ARMATE	11.933333333333334
2014-02-24 14:00:00	FORZE ARMATE	11.2
2014-02-24 15:00:00	FORZE ARMATE	11.333333333333334
2014-02-24 16:00:00	FORZE ARMATE	10.266666666666667
2014-02-24 17:00:00	FORZE ARMATE	10.3
2014-02-24 18:00:00	FORZE ARMATE	8.566666666666666
2014-02-24 19:00:00	FORZE ARMATE	9.033333333333333
2014-02-24 20:00:00	FORZE ARMATE	11.4
2014-02-24 21:00:00	FORZE ARMATE	11.9
2014-02-24 22:00:00	FORZE ARMATE	7.1
2014-02-24 23:00:00	FORZE ARMATE	11.3
2014-02-25 00:00:00	FORZE ARMATE	16.3
2014-02-25 01:00:00	FORZE ARMATE	15.366666666666667
2014-02-25 02:00:00	FORZE ARMATE	14.5
2014-02-25 03:00:00	FORZE ARMATE	15.0
2014-02-25 04:00:00	FORZE ARMATE	15.0
2014-02-25 05:00:00	FORZE ARMATE	14.5
2014-02-25 06:00:00	FORZE ARMATE	15.0
2014-02-25 07:00:00	FORZE ARMATE	15.0
2014-02-25 08:00:00	FORZE ARMATE	12.6
2014-02-25 09:00:00	FORZE ARMATE	9.766666666666667
2014-02-25 10:00:00	FORZE ARMATE	10.0
2014-02-25 11:00:00	FORZE ARMATE	10.0
2014-02-25 12:00:00	FORZE ARMATE	9.9
2014-02-25 13:00:00	FORZE ARMATE	9.533333333333333
2014-02-25 14:00:00	FORZE ARMATE	9.333333333333334
2014-02-25 15:00:00	FORZE ARMATE	10.766666666666667
2014-02-25 16:00:00	FORZE ARMATE	10.7
2014-02-25 17:00:00	FORZE ARMATE	10.0
2014-02-25 18:00:00	FORZE ARMATE	9.8
2014-02-25 19:00:00	FORZE ARMATE	10.5
2014-02-25 20:00:00	FORZE ARMATE	10.1
2014-02-25 21:00:00	FORZE ARMATE	10.666666666666666
2014-02-25 22:00:00	FORZE ARMATE	10.0
2014-02-25 23:00:00	FORZE ARMATE	10.0
2014-02-26 00:00:00	FORZE ARMATE	10.1
2014-02-26 01:00:00	FORZE ARMATE	10.0
2014-02-26 02:00:00	FORZE ARMATE	10.0
2014-02-26 03:00:00	FORZE ARMATE	10.0
2014-02-26 04:00:00	FORZE ARMATE	10.0
2014-02-26 05:00:00	FORZE ARMATE	10.0
2014-02-26 06:00:00	FORZE ARMATE	9.3
2014-02-26 07:00:00	FORZE ARMATE	9.0
2014-02-26 08:00:00	FORZE ARMATE	8.366666666666667
2014-02-26 09:00:00	FORZE ARMATE	7.433333333333334
2014-02-26 10:00:00	FORZE ARMATE	8.0
2014-02-26 11:00:00	FORZE ARMATE	8.3
2014-02-26 12:00:00	FORZE ARMATE	8.966666666666667
2014-02-26 13:00:00	FORZE ARMATE	9.633333333333333
2014-02-26 14:00:00	FORZE ARMATE	11.9
2014-02-26 15:00:00	FORZE ARMATE	12.933333333333334
2014-02-26 16:00:00	FORZE ARMATE	12.1
2014-02-26 17:00:00	FORZE ARMATE	13.066666666666666
2014-02-26 18:00:00	FORZE ARMATE	11.133333333333333
2014-02-26 19:00:00	FORZE ARMATE	11.9
2014-02-26 20:00:00	FORZE ARMATE	8.8
2014-02-26 21:00:00	FORZE ARMATE	7.266666666666667
2014-02-26 22:00:00	FORZE ARMATE	5.9
2014-02-26 23:00:00	FORZE ARMATE	5.0
2014-02-27 00:00:00	FORZE ARMATE	5.066666666666666
2014-02-27 01:00:00	FORZE ARMATE	7.7
2014-02-27 02:00:00	FORZE ARMATE	7.966666666666667
2014-02-27 03:00:00	FORZE ARMATE	8.466666666666667
2014-02-27 04:00:00	FORZE ARMATE	9.0
2014-02-27 05:00:00	FORZE ARMATE	8.966666666666667
2014-02-27 06:00:00	FORZE ARMATE	9.0
2014-02-27 07:00:00	FORZE ARMATE	9.766666666666667
2014-02-27 08:00:00	FORZE ARMATE	10.366666666666667
2014-02-27 09:00:00	FORZE ARMATE	11.9
2014-02-27 10:00:00	FORZE ARMATE	12.533333333333333
2014-02-27 11:00:00	FORZE ARMATE	11.666666666666666
2014-02-27 12:00:00	FORZE ARMATE	11.766666666666667
2014-02-27 13:00:00	FORZE ARMATE	10.766666666666667
2014-02-27 14:00:00	FORZE ARMATE	8.066666666666666
2014-02-27 15:00:00	FORZE ARMATE	11.4
2014-02-27 16:00:00	FORZE ARMATE	12.566666666666666
2014-02-27 17:00:00	FORZE ARMATE	12.933333333333334
2014-02-27 18:00:00	FORZE ARMATE	9.6
2014-02-27 19:00:00	FORZE ARMATE	9.966666666666667
2014-02-27 20:00:00	FORZE ARMATE	10.833333333333334
2014-02-27 21:00:00	FORZE ARMATE	8.866666666666667
2014-02-27 22:00:00	FORZE ARMATE	7.966666666666667
2014-02-27 23:00:00	FORZE ARMATE	7.5
2014-02-28 00:00:00	FORZE ARMATE	8.3
2014-02-28 01:00:00	FORZE ARMATE	9.966666666666667
2014-02-28 02:00:00	FORZE ARMATE	10.8
2014-02-28 03:00:00	FORZE ARMATE	10.966666666666667
2014-02-28 04:00:00	FORZE ARMATE	11.0
2014-02-28 05:00:00	FORZE ARMATE	11.666666666666666
2014-02-28 06:00:00	FORZE ARMATE	10.0
2014-02-28 07:00:00	FORZE ARMATE	9.833333333333334
2014-02-28 08:00:00	FORZE ARMATE	9.0
2014-02-28 09:00:00	FORZE ARMATE	9.033333333333333
2014-02-28 10:00:00	FORZE ARMATE	10.166666666666666
2014-02-28 11:00:00	FORZE ARMATE	9.066666666666666
2014-02-28 12:00:00	FORZE ARMATE	9.866666666666667
2014-02-28 13:00:00	FORZE ARMATE	9.766666666666667
2014-02-28 14:00:00	FORZE ARMATE	8.833333333333334
2014-02-28 15:00:00	FORZE ARMATE	5.833333333333333
2014-02-28 16:00:00	FORZE ARMATE	5.0
2014-02-28 17:00:00	FORZE ARMATE	4.133333333333334
2014-02-28 18:00:00	FORZE ARMATE	4.2
2014-02-28 19:00:00	FORZE ARMATE	5.6
2014-02-28 20:00:00	FORZE ARMATE	6.233333333333333
2014-02-28 21:00:00	FORZE ARMATE	5.533333333333333
2014-02-28 22:00:00	FORZE ARMATE	3.1333333333333333
2014-02-28 23:00:00	FORZE ARMATE	4.0
2014-03-01 00:00:00	FORZE ARMATE	3.1666666666666665
2014-03-01 01:00:00	FORZE ARMATE	2.966666666666667
2014-03-01 02:00:00	FORZE ARMATE	2.5
2014-03-01 03:00:00	FORZE ARMATE	4.333333333333333
2014-03-01 04:00:00	FORZE ARMATE	5.0
2014-03-01 05:00:00	FORZE ARMATE	5.666666666666667
2014-03-01 06:00:00	FORZE ARMATE	5.0
2014-03-01 07:00:00	FORZE ARMATE	5.0
2014-03-01 08:00:00	FORZE ARMATE	6.033333333333333
2014-03-01 09:00:00	FORZE ARMATE	6.7
2014-03-01 10:00:00	FORZE ARMATE	7.0
2014-03-01 11:00:00	FORZE ARMATE	8.166666666666666
2014-03-01 12:00:00	FORZE ARMATE	7.966666666666667
2014-03-01 13:00:00	FORZE ARMATE	5.4
2014-03-01 14:00:00	FORZE ARMATE	6.0
2014-03-01 15:00:00	FORZE ARMATE	4.633333333333334
2014-03-01 16:00:00	FORZE ARMATE	3.1
2014-03-01 17:00:00	FORZE ARMATE	2.4
2014-03-01 18:00:00	FORZE ARMATE	2.2333333333333334
2014-03-01 19:00:00	FORZE ARMATE	2.533333333333333
2014-03-01 20:00:00	FORZE ARMATE	2.0
2014-03-01 21:00:00	FORZE ARMATE	2.0
2014-03-01 22:00:00	FORZE ARMATE	2.9
2014-03-01 23:00:00	FORZE ARMATE	4.766666666666667
2014-03-02 00:00:00	FORZE ARMATE	6.733333333333333
2014-03-02 01:00:00	FORZE ARMATE	7.266666666666667
2014-03-02 02:00:00	FORZE ARMATE	7.233333333333333
2014-03-02 03:00:00	FORZE ARMATE	7.866666666666666
2014-03-02 04:00:00	FORZE ARMATE	8.033333333333333
2014-03-02 05:00:00	FORZE ARMATE	6.933333333333334
2014-03-02 06:00:00	FORZE ARMATE	8.0
2014-03-02 07:00:00	FORZE ARMATE	7.766666666666667
2014-03-02 08:00:00	FORZE ARMATE	7.0
2014-03-02 09:00:00	FORZE ARMATE	8.633333333333333
2014-03-02 10:00:00	FORZE ARMATE	9.466666666666667
2014-03-02 11:00:00	FORZE ARMATE	7.8
2014-03-02 12:00:00	FORZE ARMATE	7.766666666666667
2014-03-02 13:00:00	FORZE ARMATE	8.9
2014-03-02 14:00:00	FORZE ARMATE	10.0
2014-03-02 15:00:00	FORZE ARMATE	10.733333333333333
2014-03-02 16:00:00	FORZE ARMATE	10.4
2014-03-02 17:00:00	FORZE ARMATE	9.166666666666666
2014-03-02 18:00:00	FORZE ARMATE	9.9
2014-03-02 19:00:00	FORZE ARMATE	7.933333333333334
2014-03-02 20:00:00	FORZE ARMATE	7.7
2014-03-02 21:00:00	FORZE ARMATE	8.0
2014-03-02 22:00:00	FORZE ARMATE	6.933333333333334
2014-03-02 23:00:00	FORZE ARMATE	4.633333333333334
2014-02-24 00:00:00	GALLARATESE	23.866666666666667
2014-02-24 01:00:00	GALLARATESE	23.0
2014-02-24 02:00:00	GALLARATESE	23.533333333333335
2014-02-24 03:00:00	GALLARATESE	23.0
2014-02-24 04:00:00	GALLARATESE	23.0
2014-02-24 05:00:00	GALLARATESE	23.0
2014-02-24 06:00:00	GALLARATESE	21.833333333333332
2014-02-24 07:00:00	GALLARATESE	20.866666666666667
2014-02-24 08:00:00	GALLARATESE	21.766666666666666
2014-02-24 09:00:00	GALLARATESE	20.333333333333332
2014-02-24 10:00:00	GALLARATESE	20.133333333333333
2014-02-24 11:00:00	GALLARATESE	20.4
2014-02-24 12:00:00	GALLARATESE	20.433333333333334
2014-02-24 13:00:00	GALLARATESE	19.1
2014-02-24 14:00:00	GALLARATESE	20.566666666666666
2014-02-24 15:00:00	GALLARATESE	22.2
2014-02-24 16:00:00	GALLARATESE	22.7
2014-02-24 17:00:00	GALLARATESE	23.433333333333334
2014-02-24 18:00:00	GALLARATESE	20.166666666666668
2014-02-24 19:00:00	GALLARATESE	22.2
2014-02-24 20:00:00	GALLARATESE	21.233333333333334
2014-02-24 21:00:00	GALLARATESE	20.666666666666668
2014-02-24 22:00:00	GALLARATESE	11.133333333333333
2014-02-24 23:00:00	GALLARATESE	15.866666666666667
2014-02-25 00:00:00	GALLARATESE	20.733333333333334
2014-02-25 01:00:00	GALLARATESE	20.5
2014-02-25 02:00:00	GALLARATESE	20.666666666666668
2014-02-25 03:00:00	GALLARATESE	22.0
2014-02-25 04:00:00	GALLARATESE	22.0
2014-02-25 05:00:00	GALLARATESE	21.266666666666666
2014-02-25 06:00:00	GALLARATESE	21.866666666666667
2014-02-25 07:00:00	GALLARATESE	19.5
2014-02-25 08:00:00	GALLARATESE	18.866666666666667
2014-02-25 09:00:00	GALLARATESE	20.7
2014-02-25 10:00:00	GALLARATESE	19.1
2014-02-25 11:00:00	GALLARATESE	21.266666666666666
2014-02-25 12:00:00	GALLARATESE	21.733333333333334
2014-02-25 13:00:00	GALLARATESE	21.966666666666665
2014-02-25 14:00:00	GALLARATESE	21.6
2014-02-25 15:00:00	GALLARATESE	23.433333333333334
2014-02-25 16:00:00	GALLARATESE	23.033333333333335
2014-02-25 17:00:00	GALLARATESE	22.933333333333334
2014-02-25 18:00:00	GALLARATESE	24.3
2014-02-25 19:00:00	GALLARATESE	24.4
2014-02-25 20:00:00	GALLARATESE	24.033333333333335
2014-02-25 21:00:00	GALLARATESE	25.666666666666668
2014-02-25 22:00:00	GALLARATESE	26.133333333333333
2014-02-25 23:00:00	GALLARATESE	26.533333333333335
2014-02-26 00:00:00	GALLARATESE	27.233333333333334
2014-02-26 01:00:00	GALLARATESE	28.366666666666667
2014-02-26 02:00:00	GALLARATESE	28.866666666666667
2014-02-26 03:00:00	GALLARATESE	29.366666666666667
2014-02-26 04:00:00	GALLARATESE	30.0
2014-02-26 05:00:00	GALLARATESE	30.0
2014-02-26 06:00:00	GALLARATESE	27.7
2014-02-26 07:00:00	GALLARATESE	25.766666666666666
2014-02-26 08:00:00	GALLARATESE	22.933333333333334
2014-02-26 09:00:00	GALLARATESE	23.4
2014-02-26 10:00:00	GALLARATESE	23.333333333333332
2014-02-26 11:00:00	GALLARATESE	23.766666666666666
2014-02-26 12:00:00	GALLARATESE	25.5
2014-02-26 13:00:00	GALLARATESE	26.966666666666665
2014-02-26 14:00:00	GALLARATESE	25.5
2014-02-26 15:00:00	GALLARATESE	26.266666666666666
2014-02-26 16:00:00	GALLARATESE	25.9
2014-02-26 17:00:00	GALLARATESE	29.9
2014-02-26 18:00:00	GALLARATESE	29.466666666666665
2014-02-26 19:00:00	GALLARATESE	29.833333333333332
2014-02-26 20:00:00	GALLARATESE	29.733333333333334
2014-02-26 21:00:00	GALLARATESE	30.066666666666666
2014-02-26 22:00:00	GALLARATESE	28.466666666666665
2014-02-26 23:00:00	GALLARATESE	29.033333333333335
2014-02-27 00:00:00	GALLARATESE	30.533333333333335
2014-02-27 01:00:00	GALLARATESE	31.933333333333334
2014-02-27 02:00:00	GALLARATESE	31.766666666666666
2014-02-27 03:00:00	GALLARATESE	32.93333333333333
2014-02-27 04:00:00	GALLARATESE	33.0
2014-02-27 05:00:00	GALLARATESE	33.0
2014-02-27 06:00:00	GALLARATESE	32.2
2014-02-27 07:00:00	GALLARATESE	30.833333333333332
2014-02-27 08:00:00	GALLARATESE	25.933333333333334
2014-02-27 09:00:00	GALLARATESE	23.066666666666666
2014-02-27 10:00:00	GALLARATESE	23.5
2014-02-27 11:00:00	GALLARATESE	21.9
2014-02-27 12:00:00	GALLARATESE	21.133333333333333
2014-02-27 13:00:00	GALLARATESE	19.033333333333335
2014-02-27 14:00:00	GALLARATESE	15.533333333333333
2014-02-27 15:00:00	GALLARATESE	21.166666666666668
2014-02-27 16:00:00	GALLARATESE	20.8
2014-02-27 17:00:00	GALLARATESE	23.4
2014-02-27 18:00:00	GALLARATESE	21.5
2014-02-27 19:00:00	GALLARATESE	22.166666666666668
2014-02-27 20:00:00	GALLARATESE	23.033333333333335
2014-02-27 21:00:00	GALLARATESE	24.4
2014-02-27 22:00:00	GALLARATESE	22.733333333333334
2014-02-27 23:00:00	GALLARATESE	26.033333333333335
2014-02-28 00:00:00	GALLARATESE	27.9
2014-02-28 01:00:00	GALLARATESE	28.133333333333333
2014-02-28 02:00:00	GALLARATESE	30.0
2014-02-28 03:00:00	GALLARATESE	30.933333333333334
2014-02-28 04:00:00	GALLARATESE	31.066666666666666
2014-02-28 05:00:00	GALLARATESE	31.266666666666666
2014-02-28 06:00:00	GALLARATESE	29.766666666666666
2014-02-28 07:00:00	GALLARATESE	26.8
2014-02-28 08:00:00	GALLARATESE	24.666666666666668
2014-02-28 09:00:00	GALLARATESE	23.1
2014-02-28 10:00:00	GALLARATESE	19.8
2014-02-28 11:00:00	GALLARATESE	19.733333333333334
2014-02-28 12:00:00	GALLARATESE	20.666666666666668
2014-02-28 13:00:00	GALLARATESE	22.033333333333335
2014-02-28 14:00:00	GALLARATESE	21.066666666666666
2014-02-28 15:00:00	GALLARATESE	19.033333333333335
2014-02-28 16:00:00	GALLARATESE	16.366666666666667
2014-02-28 17:00:00	GALLARATESE	16.633333333333333
2014-02-28 18:00:00	GALLARATESE	16.533333333333335
2014-02-28 19:00:00	GALLARATESE	17.0
2014-02-28 20:00:00	GALLARATESE	17.133333333333333
2014-02-28 21:00:00	GALLARATESE	15.2
2014-02-28 22:00:00	GALLARATESE	15.5
2014-02-28 23:00:00	GALLARATESE	16.666666666666668
2014-03-01 00:00:00	GALLARATESE	16.533333333333335
2014-03-01 01:00:00	GALLARATESE	16.0
2014-03-01 02:00:00	GALLARATESE	12.266666666666667
2014-03-01 03:00:00	GALLARATESE	14.066666666666666
2014-03-01 04:00:00	GALLARATESE	17.0
2014-03-01 05:00:00	GALLARATESE	17.433333333333334
2014-03-01 06:00:00	GALLARATESE	17.566666666666666
2014-03-01 07:00:00	GALLARATESE	16.266666666666666
2014-03-01 08:00:00	GALLARATESE	14.333333333333334
2014-03-01 09:00:00	GALLARATESE	13.433333333333334
2014-03-01 10:00:00	GALLARATESE	14.7
2014-03-01 11:00:00	GALLARATESE	16.0
2014-03-01 12:00:00	GALLARATESE	15.733333333333333
2014-03-01 13:00:00	GALLARATESE	15.633333333333333
2014-03-01 14:00:00	GALLARATESE	14.766666666666667
2014-03-01 15:00:00	GALLARATESE	15.533333333333333
2014-03-01 16:00:00	GALLARATESE	13.4
2014-03-01 17:00:00	GALLARATESE	12.533333333333333
2014-03-01 18:00:00	GALLARATESE	13.5
2014-03-01 19:00:00	GALLARATESE	7.9
2014-03-01 20:00:00	GALLARATESE	8.466666666666667
2014-03-01 21:00:00	GALLARATESE	7.3
2014-03-01 22:00:00	GALLARATESE	7.166666666666667
2014-03-01 23:00:00	GALLARATESE	7.9
2014-03-02 00:00:00	GALLARATESE	7.633333333333334
2014-03-02 01:00:00	GALLARATESE	9.233333333333333
2014-03-02 02:00:00	GALLARATESE	8.966666666666667
2014-03-02 03:00:00	GALLARATESE	12.0
2014-03-02 04:00:00	GALLARATESE	13.0
2014-03-02 05:00:00	GALLARATESE	12.0
2014-03-02 06:00:00	GALLARATESE	14.2
2014-03-02 07:00:00	GALLARATESE	13.766666666666667
2014-03-02 08:00:00	GALLARATESE	13.8
2014-03-02 09:00:00	GALLARATESE	13.666666666666666
2014-03-02 10:00:00	GALLARATESE	12.8
2014-03-02 11:00:00	GALLARATESE	12.6
2014-03-02 12:00:00	GALLARATESE	13.266666666666667
2014-03-02 13:00:00	GALLARATESE	14.8
2014-03-02 14:00:00	GALLARATESE	15.7
2014-03-02 15:00:00	GALLARATESE	12.766666666666667
2014-03-02 16:00:00	GALLARATESE	12.3
2014-03-02 17:00:00	GALLARATESE	13.933333333333334
2014-03-02 18:00:00	GALLARATESE	11.933333333333334
2014-03-02 19:00:00	GALLARATESE	12.3
2014-03-02 20:00:00	GALLARATESE	12.166666666666666
2014-03-02 21:00:00	GALLARATESE	11.5
2014-03-02 22:00:00	GALLARATESE	12.1
2014-03-02 23:00:00	GALLARATESE	12.8
2014-02-24 00:00:00	GARIBALDI REPUBBLICA	0.6333333333333333
2014-02-24 01:00:00	GARIBALDI REPUBBLICA	0.6
2014-02-24 03:00:00	GARIBALDI REPUBBLICA	0.16666666666666666
2014-02-24 04:00:00	GARIBALDI REPUBBLICA	0.8666666666666667
2014-02-24 05:00:00	GARIBALDI REPUBBLICA	0.5333333333333333
2014-02-24 06:00:00	GARIBALDI REPUBBLICA	1.0
2014-02-24 07:00:00	GARIBALDI REPUBBLICA	0.6333333333333333
2014-02-24 08:00:00	GARIBALDI REPUBBLICA	2.066666666666667
2014-02-24 09:00:00	GARIBALDI REPUBBLICA	2.3666666666666667
2014-02-24 10:00:00	GARIBALDI REPUBBLICA	2.0
2014-02-24 11:00:00	GARIBALDI REPUBBLICA	0.7666666666666667
2014-02-24 12:00:00	GARIBALDI REPUBBLICA	0.6666666666666666
2014-02-24 13:00:00	GARIBALDI REPUBBLICA	1.9333333333333333
2014-02-24 14:00:00	GARIBALDI REPUBBLICA	4.3
2014-02-24 15:00:00	GARIBALDI REPUBBLICA	4.933333333333334
2014-02-24 16:00:00	GARIBALDI REPUBBLICA	6.6
2014-02-24 17:00:00	GARIBALDI REPUBBLICA	4.4
2014-02-24 18:00:00	GARIBALDI REPUBBLICA	2.0
2014-02-24 19:00:00	GARIBALDI REPUBBLICA	0.43333333333333335
2014-02-24 20:00:00	GARIBALDI REPUBBLICA	0.7333333333333333
2014-02-24 21:00:00	GARIBALDI REPUBBLICA	0.8
2014-02-24 22:00:00	GARIBALDI REPUBBLICA	0.3333333333333333
2014-02-24 23:00:00	GARIBALDI REPUBBLICA	1.5333333333333334
2014-02-25 00:00:00	GARIBALDI REPUBBLICA	0.6333333333333333
2014-02-25 01:00:00	GARIBALDI REPUBBLICA	0.7666666666666667
2014-02-25 05:00:00	GARIBALDI REPUBBLICA	0.3333333333333333
2014-02-25 06:00:00	GARIBALDI REPUBBLICA	1.2666666666666666
2014-02-25 07:00:00	GARIBALDI REPUBBLICA	2.0
2014-02-25 08:00:00	GARIBALDI REPUBBLICA	1.0333333333333334
2014-02-25 09:00:00	GARIBALDI REPUBBLICA	2.0
2014-02-25 10:00:00	GARIBALDI REPUBBLICA	2.6333333333333333
2014-02-25 11:00:00	GARIBALDI REPUBBLICA	1.9
2014-02-25 12:00:00	GARIBALDI REPUBBLICA	0.4666666666666667
2014-02-25 13:00:00	GARIBALDI REPUBBLICA	0.1
2014-02-25 14:00:00	GARIBALDI REPUBBLICA	2.2333333333333334
2014-02-25 15:00:00	GARIBALDI REPUBBLICA	1.4
2014-02-25 16:00:00	GARIBALDI REPUBBLICA	0.6
2014-02-25 17:00:00	GARIBALDI REPUBBLICA	0.3
2014-02-25 18:00:00	GARIBALDI REPUBBLICA	1.6333333333333333
2014-02-25 19:00:00	GARIBALDI REPUBBLICA	0.7666666666666667
2014-02-25 20:00:00	GARIBALDI REPUBBLICA	0.6333333333333333
2014-02-25 21:00:00	GARIBALDI REPUBBLICA	1.3
2014-02-25 22:00:00	GARIBALDI REPUBBLICA	0.3
2014-02-25 23:00:00	GARIBALDI REPUBBLICA	0.5333333333333333
2014-02-26 00:00:00	GARIBALDI REPUBBLICA	0.43333333333333335
2014-02-26 01:00:00	GARIBALDI REPUBBLICA	0.7333333333333333
2014-02-26 03:00:00	GARIBALDI REPUBBLICA	0.03333333333333333
2014-02-26 06:00:00	GARIBALDI REPUBBLICA	0.26666666666666666
2014-02-26 07:00:00	GARIBALDI REPUBBLICA	1.0
2014-02-26 08:00:00	GARIBALDI REPUBBLICA	0.43333333333333335
2014-02-26 09:00:00	GARIBALDI REPUBBLICA	0.13333333333333333
2014-02-26 10:00:00	GARIBALDI REPUBBLICA	0.06666666666666667
2014-02-26 11:00:00	GARIBALDI REPUBBLICA	0.8333333333333334
2014-02-26 12:00:00	GARIBALDI REPUBBLICA	0.9
2014-02-26 13:00:00	GARIBALDI REPUBBLICA	1.1666666666666667
2014-02-26 14:00:00	GARIBALDI REPUBBLICA	2.4
2014-02-26 15:00:00	GARIBALDI REPUBBLICA	1.8333333333333333
2014-02-26 16:00:00	GARIBALDI REPUBBLICA	3.6
2014-02-26 17:00:00	GARIBALDI REPUBBLICA	5.9
2014-02-26 18:00:00	GARIBALDI REPUBBLICA	0.9666666666666667
2014-02-26 19:00:00	GARIBALDI REPUBBLICA	0.1
2014-02-26 20:00:00	GARIBALDI REPUBBLICA	0.36666666666666664
2014-02-26 21:00:00	GARIBALDI REPUBBLICA	0.1
2014-02-26 22:00:00	GARIBALDI REPUBBLICA	0.03333333333333333
2014-02-26 23:00:00	GARIBALDI REPUBBLICA	0.03333333333333333
2014-02-27 00:00:00	GARIBALDI REPUBBLICA	0.06666666666666667
2014-02-27 01:00:00	GARIBALDI REPUBBLICA	0.9333333333333333
2014-02-27 02:00:00	GARIBALDI REPUBBLICA	0.5
2014-02-27 03:00:00	GARIBALDI REPUBBLICA	1.0
2014-02-27 04:00:00	GARIBALDI REPUBBLICA	1.0
2014-02-27 05:00:00	GARIBALDI REPUBBLICA	1.2333333333333334
2014-02-27 06:00:00	GARIBALDI REPUBBLICA	2.1333333333333333
2014-02-27 07:00:00	GARIBALDI REPUBBLICA	3.8333333333333335
2014-02-27 08:00:00	GARIBALDI REPUBBLICA	2.6666666666666665
2014-02-27 09:00:00	GARIBALDI REPUBBLICA	1.1666666666666667
2014-02-27 10:00:00	GARIBALDI REPUBBLICA	1.2333333333333334
2014-02-27 11:00:00	GARIBALDI REPUBBLICA	0.8333333333333334
2014-02-27 12:00:00	GARIBALDI REPUBBLICA	0.5666666666666667
2014-02-27 13:00:00	GARIBALDI REPUBBLICA	3.6
2014-02-27 14:00:00	GARIBALDI REPUBBLICA	2.5
2014-02-27 15:00:00	GARIBALDI REPUBBLICA	1.2
2014-02-27 16:00:00	GARIBALDI REPUBBLICA	1.1333333333333333
2014-02-27 17:00:00	GARIBALDI REPUBBLICA	0.4666666666666667
2014-02-27 18:00:00	GARIBALDI REPUBBLICA	0.9666666666666667
2014-02-27 19:00:00	GARIBALDI REPUBBLICA	0.26666666666666666
2014-02-27 21:00:00	GARIBALDI REPUBBLICA	0.36666666666666664
2014-02-27 22:00:00	GARIBALDI REPUBBLICA	0.6666666666666666
2014-02-27 23:00:00	GARIBALDI REPUBBLICA	0.1
2014-02-28 00:00:00	GARIBALDI REPUBBLICA	0.3
2014-02-28 01:00:00	GARIBALDI REPUBBLICA	0.26666666666666666
2014-02-28 05:00:00	GARIBALDI REPUBBLICA	0.2
2014-02-28 06:00:00	GARIBALDI REPUBBLICA	0.5666666666666667
2014-02-28 07:00:00	GARIBALDI REPUBBLICA	1.7666666666666666
2014-02-28 08:00:00	GARIBALDI REPUBBLICA	1.0666666666666667
2014-02-28 09:00:00	GARIBALDI REPUBBLICA	0.36666666666666664
2014-02-28 10:00:00	GARIBALDI REPUBBLICA	2.566666666666667
2014-02-28 11:00:00	GARIBALDI REPUBBLICA	6.866666666666666
2014-02-28 12:00:00	GARIBALDI REPUBBLICA	9.3
2014-02-28 13:00:00	GARIBALDI REPUBBLICA	9.6
2014-02-28 14:00:00	GARIBALDI REPUBBLICA	8.466666666666667
2014-02-28 15:00:00	GARIBALDI REPUBBLICA	9.466666666666667
2014-02-28 16:00:00	GARIBALDI REPUBBLICA	9.733333333333333
2014-02-28 17:00:00	GARIBALDI REPUBBLICA	7.533333333333333
2014-02-28 18:00:00	GARIBALDI REPUBBLICA	3.933333333333333
2014-02-28 19:00:00	GARIBALDI REPUBBLICA	2.1
2014-02-28 20:00:00	GARIBALDI REPUBBLICA	0.4
2014-02-28 21:00:00	GARIBALDI REPUBBLICA	1.0333333333333334
2014-02-28 22:00:00	GARIBALDI REPUBBLICA	2.0
2014-02-28 23:00:00	GARIBALDI REPUBBLICA	0.9
2014-03-01 00:00:00	GARIBALDI REPUBBLICA	0.6666666666666666
2014-03-01 01:00:00	GARIBALDI REPUBBLICA	0.1
2014-03-01 02:00:00	GARIBALDI REPUBBLICA	0.03333333333333333
2014-03-01 03:00:00	GARIBALDI REPUBBLICA	0.06666666666666667
2014-03-01 04:00:00	GARIBALDI REPUBBLICA	0.16666666666666666
2014-03-01 05:00:00	GARIBALDI REPUBBLICA	1.0
2014-03-01 06:00:00	GARIBALDI REPUBBLICA	1.1
2014-03-01 07:00:00	GARIBALDI REPUBBLICA	3.2333333333333334
2014-03-01 08:00:00	GARIBALDI REPUBBLICA	3.4
2014-03-01 09:00:00	GARIBALDI REPUBBLICA	4.166666666666667
2014-03-01 10:00:00	GARIBALDI REPUBBLICA	3.0
2014-03-01 11:00:00	GARIBALDI REPUBBLICA	3.8666666666666667
2014-03-01 12:00:00	GARIBALDI REPUBBLICA	3.7666666666666666
2014-03-01 13:00:00	GARIBALDI REPUBBLICA	4.333333333333333
2014-03-01 14:00:00	GARIBALDI REPUBBLICA	6.2
2014-03-01 15:00:00	GARIBALDI REPUBBLICA	6.333333333333333
2014-03-01 16:00:00	GARIBALDI REPUBBLICA	8.566666666666666
2014-03-01 17:00:00	GARIBALDI REPUBBLICA	9.233333333333333
2014-03-01 18:00:00	GARIBALDI REPUBBLICA	6.233333333333333
2014-03-01 19:00:00	GARIBALDI REPUBBLICA	2.8666666666666667
2014-03-01 20:00:00	GARIBALDI REPUBBLICA	2.2
2014-03-01 21:00:00	GARIBALDI REPUBBLICA	4.366666666666666
2014-03-01 22:00:00	GARIBALDI REPUBBLICA	1.5333333333333334
2014-03-01 23:00:00	GARIBALDI REPUBBLICA	0.6666666666666666
2014-03-02 00:00:00	GARIBALDI REPUBBLICA	0.6333333333333333
2014-03-02 01:00:00	GARIBALDI REPUBBLICA	0.23333333333333334
2014-03-02 02:00:00	GARIBALDI REPUBBLICA	0.26666666666666666
2014-03-02 03:00:00	GARIBALDI REPUBBLICA	0.2
2014-03-02 06:00:00	GARIBALDI REPUBBLICA	0.3333333333333333
2014-03-02 07:00:00	GARIBALDI REPUBBLICA	2.533333333333333
2014-03-02 08:00:00	GARIBALDI REPUBBLICA	2.1666666666666665
2014-03-02 09:00:00	GARIBALDI REPUBBLICA	2.433333333333333
2014-03-02 10:00:00	GARIBALDI REPUBBLICA	2.6333333333333333
2014-03-02 11:00:00	GARIBALDI REPUBBLICA	2.1666666666666665
2014-03-02 12:00:00	GARIBALDI REPUBBLICA	2.9
2014-03-02 13:00:00	GARIBALDI REPUBBLICA	1.4666666666666666
2014-03-02 14:00:00	GARIBALDI REPUBBLICA	3.2666666666666666
2014-03-02 15:00:00	GARIBALDI REPUBBLICA	3.2333333333333334
2014-03-02 16:00:00	GARIBALDI REPUBBLICA	1.6
2014-03-02 17:00:00	GARIBALDI REPUBBLICA	0.7333333333333333
2014-03-02 18:00:00	GARIBALDI REPUBBLICA	0.6
2014-03-02 19:00:00	GARIBALDI REPUBBLICA	0.8
2014-03-02 20:00:00	GARIBALDI REPUBBLICA	0.9
2014-03-02 21:00:00	GARIBALDI REPUBBLICA	0.6
2014-03-02 22:00:00	GARIBALDI REPUBBLICA	0.1
2014-03-02 23:00:00	GARIBALDI REPUBBLICA	0.1
2014-02-24 00:00:00	GHISOLFA	6.3
2014-02-24 01:00:00	GHISOLFA	5.933333333333334
2014-02-24 02:00:00	GHISOLFA	4.066666666666666
2014-02-24 03:00:00	GHISOLFA	4.0
2014-02-24 04:00:00	GHISOLFA	5.166666666666667
2014-02-24 05:00:00	GHISOLFA	5.4
2014-02-24 06:00:00	GHISOLFA	5.0
2014-02-24 07:00:00	GHISOLFA	3.7333333333333334
2014-02-24 08:00:00	GHISOLFA	1.3666666666666667
2014-02-24 09:00:00	GHISOLFA	1.0
2014-02-24 10:00:00	GHISOLFA	0.8333333333333334
2014-02-24 11:00:00	GHISOLFA	1.3333333333333333
2014-02-24 12:00:00	GHISOLFA	2.966666666666667
2014-02-24 13:00:00	GHISOLFA	2.9
2014-02-24 14:00:00	GHISOLFA	1.9
2014-02-24 15:00:00	GHISOLFA	1.5333333333333334
2014-02-24 16:00:00	GHISOLFA	1.5666666666666667
2014-02-24 17:00:00	GHISOLFA	2.2333333333333334
2014-02-24 18:00:00	GHISOLFA	0.9666666666666667
2014-02-24 19:00:00	GHISOLFA	1.6
2014-02-24 20:00:00	GHISOLFA	1.7666666666666666
2014-02-24 21:00:00	GHISOLFA	3.3666666666666667
2014-02-24 22:00:00	GHISOLFA	2.466666666666667
2014-02-24 23:00:00	GHISOLFA	3.1333333333333333
2014-02-25 00:00:00	GHISOLFA	5.733333333333333
2014-02-25 01:00:00	GHISOLFA	5.0
2014-02-25 02:00:00	GHISOLFA	4.833333333333333
2014-02-25 03:00:00	GHISOLFA	5.0
2014-02-25 04:00:00	GHISOLFA	5.466666666666667
2014-02-25 05:00:00	GHISOLFA	4.133333333333334
2014-02-25 06:00:00	GHISOLFA	4.0
2014-02-25 07:00:00	GHISOLFA	3.1666666666666665
2014-02-25 08:00:00	GHISOLFA	2.2
2014-02-25 09:00:00	GHISOLFA	1.5666666666666667
2014-02-25 10:00:00	GHISOLFA	1.4
2014-02-25 11:00:00	GHISOLFA	1.0666666666666667
2014-02-25 12:00:00	GHISOLFA	2.1
2014-02-25 13:00:00	GHISOLFA	2.066666666666667
2014-02-25 14:00:00	GHISOLFA	2.8666666666666667
2014-02-25 15:00:00	GHISOLFA	2.7666666666666666
2014-02-25 16:00:00	GHISOLFA	1.6
2014-02-25 17:00:00	GHISOLFA	3.6666666666666665
2014-02-25 18:00:00	GHISOLFA	3.6666666666666665
2014-02-25 19:00:00	GHISOLFA	6.2
2014-02-25 20:00:00	GHISOLFA	8.066666666666666
2014-02-25 21:00:00	GHISOLFA	7.0
2014-02-25 22:00:00	GHISOLFA	6.166666666666667
2014-02-25 23:00:00	GHISOLFA	7.8
2014-02-26 00:00:00	GHISOLFA	9.066666666666666
2014-02-26 01:00:00	GHISOLFA	9.733333333333333
2014-02-26 02:00:00	GHISOLFA	10.1
2014-02-26 03:00:00	GHISOLFA	7.466666666666667
2014-02-26 04:00:00	GHISOLFA	3.8333333333333335
2014-02-26 05:00:00	GHISOLFA	4.0
2014-02-26 06:00:00	GHISOLFA	4.0
2014-02-26 07:00:00	GHISOLFA	1.5
2014-02-26 08:00:00	GHISOLFA	0.06666666666666667
2014-02-26 10:00:00	GHISOLFA	0.5
2014-02-26 11:00:00	GHISOLFA	1.3333333333333333
2014-02-26 12:00:00	GHISOLFA	0.26666666666666666
2014-02-26 13:00:00	GHISOLFA	0.16666666666666666
2014-02-26 14:00:00	GHISOLFA	1.4666666666666666
2014-02-26 15:00:00	GHISOLFA	0.6333333333333333
2014-02-26 16:00:00	GHISOLFA	1.0666666666666667
2014-02-26 17:00:00	GHISOLFA	2.6666666666666665
2014-02-26 18:00:00	GHISOLFA	1.8
2014-02-26 19:00:00	GHISOLFA	2.8666666666666667
2014-02-26 20:00:00	GHISOLFA	1.6333333333333333
2014-02-26 21:00:00	GHISOLFA	2.566666666666667
2014-02-26 22:00:00	GHISOLFA	2.1333333333333333
2014-02-26 23:00:00	GHISOLFA	0.23333333333333334
2014-02-27 00:00:00	GHISOLFA	1.7666666666666666
2014-02-27 01:00:00	GHISOLFA	3.0
2014-02-27 02:00:00	GHISOLFA	2.6666666666666665
2014-02-27 03:00:00	GHISOLFA	3.0
2014-02-27 04:00:00	GHISOLFA	3.0
2014-02-27 05:00:00	GHISOLFA	2.3666666666666667
2014-02-27 06:00:00	GHISOLFA	1.8
2014-02-27 07:00:00	GHISOLFA	0.9666666666666667
2014-02-27 09:00:00	GHISOLFA	0.7
2014-02-27 10:00:00	GHISOLFA	1.6666666666666667
2014-02-27 12:00:00	GHISOLFA	0.23333333333333334
2014-02-27 13:00:00	GHISOLFA	1.8
2014-02-27 14:00:00	GHISOLFA	1.4666666666666666
2014-02-27 15:00:00	GHISOLFA	3.3333333333333335
2014-02-27 16:00:00	GHISOLFA	3.566666666666667
2014-02-27 17:00:00	GHISOLFA	0.5333333333333333
2014-02-27 18:00:00	GHISOLFA	0.5
2014-02-27 19:00:00	GHISOLFA	2.7333333333333334
2014-02-27 20:00:00	GHISOLFA	3.2333333333333334
2014-02-27 21:00:00	GHISOLFA	2.1666666666666665
2014-02-27 22:00:00	GHISOLFA	2.966666666666667
2014-02-27 23:00:00	GHISOLFA	3.933333333333333
2014-02-28 00:00:00	GHISOLFA	2.7333333333333334
2014-02-28 01:00:00	GHISOLFA	1.2
2014-02-28 02:00:00	GHISOLFA	4.666666666666667
2014-02-28 03:00:00	GHISOLFA	3.3
2014-02-28 04:00:00	GHISOLFA	3.0
2014-02-28 05:00:00	GHISOLFA	3.0
2014-02-28 06:00:00	GHISOLFA	1.5666666666666667
2014-02-28 07:00:00	GHISOLFA	0.4666666666666667
2014-02-28 08:00:00	GHISOLFA	0.16666666666666666
2014-02-28 09:00:00	GHISOLFA	1.7333333333333334
2014-02-28 10:00:00	GHISOLFA	4.533333333333333
2014-02-28 11:00:00	GHISOLFA	3.533333333333333
2014-02-28 12:00:00	GHISOLFA	4.133333333333334
2014-02-28 13:00:00	GHISOLFA	4.433333333333334
2014-02-28 14:00:00	GHISOLFA	4.933333333333334
2014-02-28 15:00:00	GHISOLFA	6.666666666666667
2014-02-28 16:00:00	GHISOLFA	6.866666666666666
2014-02-28 17:00:00	GHISOLFA	7.366666666666666
2014-02-28 18:00:00	GHISOLFA	6.233333333333333
2014-02-28 19:00:00	GHISOLFA	4.466666666666667
2014-02-28 20:00:00	GHISOLFA	4.233333333333333
2014-02-28 21:00:00	GHISOLFA	2.3666666666666667
2014-02-28 22:00:00	GHISOLFA	2.7
2014-02-28 23:00:00	GHISOLFA	1.4
2014-03-01 00:00:00	GHISOLFA	0.2
2014-03-01 01:00:00	GHISOLFA	0.7
2014-03-01 02:00:00	GHISOLFA	1.6333333333333333
2014-03-01 03:00:00	GHISOLFA	2.566666666666667
2014-03-01 04:00:00	GHISOLFA	3.1
2014-03-01 05:00:00	GHISOLFA	2.033333333333333
2014-03-01 06:00:00	GHISOLFA	1.6666666666666667
2014-03-01 07:00:00	GHISOLFA	1.5333333333333334
2014-03-01 08:00:00	GHISOLFA	0.43333333333333335
2014-03-01 09:00:00	GHISOLFA	0.13333333333333333
2014-03-01 10:00:00	GHISOLFA	0.3
2014-03-01 11:00:00	GHISOLFA	1.0
2014-03-01 12:00:00	GHISOLFA	1.8666666666666667
2014-03-01 13:00:00	GHISOLFA	1.2
2014-03-01 14:00:00	GHISOLFA	1.0
2014-03-01 15:00:00	GHISOLFA	1.6333333333333333
2014-03-01 16:00:00	GHISOLFA	0.8666666666666667
2014-03-01 17:00:00	GHISOLFA	0.26666666666666666
2014-03-01 18:00:00	GHISOLFA	1.4666666666666666
2014-03-01 19:00:00	GHISOLFA	1.5333333333333334
2014-03-01 20:00:00	GHISOLFA	3.3333333333333335
2014-03-01 21:00:00	GHISOLFA	3.1666666666666665
2014-03-01 22:00:00	GHISOLFA	3.3333333333333335
2014-03-01 23:00:00	GHISOLFA	0.8666666666666667
2014-03-02 00:00:00	GHISOLFA	4.666666666666667
2014-03-02 01:00:00	GHISOLFA	3.7
2014-03-02 02:00:00	GHISOLFA	1.5666666666666667
2014-03-02 03:00:00	GHISOLFA	0.1
2014-03-02 04:00:00	GHISOLFA	1.1
2014-03-02 05:00:00	GHISOLFA	1.7333333333333334
2014-03-02 06:00:00	GHISOLFA	2.0
2014-03-02 07:00:00	GHISOLFA	2.0
2014-03-02 08:00:00	GHISOLFA	0.36666666666666664
2014-03-02 10:00:00	GHISOLFA	1.1
2014-03-02 11:00:00	GHISOLFA	0.6666666666666666
2014-03-02 12:00:00	GHISOLFA	1.0333333333333334
2014-03-02 13:00:00	GHISOLFA	0.4
2014-03-02 14:00:00	GHISOLFA	2.1333333333333333
2014-03-02 15:00:00	GHISOLFA	1.6
2014-03-02 16:00:00	GHISOLFA	0.8666666666666667
2014-03-02 17:00:00	GHISOLFA	1.7
2014-03-02 18:00:00	GHISOLFA	2.8
2014-03-02 19:00:00	GHISOLFA	3.3666666666666667
2014-03-02 20:00:00	GHISOLFA	2.2666666666666666
2014-03-02 21:00:00	GHISOLFA	3.1666666666666665
2014-03-02 22:00:00	GHISOLFA	2.6333333333333333
2014-03-02 23:00:00	GHISOLFA	2.7666666666666666
2014-02-24 00:00:00	GIAMBELLINO	3.0
2014-02-24 01:00:00	GIAMBELLINO	3.1
2014-02-24 02:00:00	GIAMBELLINO	3.3
2014-02-24 03:00:00	GIAMBELLINO	3.4
2014-02-24 04:00:00	GIAMBELLINO	4.933333333333334
2014-02-24 05:00:00	GIAMBELLINO	5.0
2014-02-24 06:00:00	GIAMBELLINO	5.0
2014-02-24 07:00:00	GIAMBELLINO	4.333333333333333
2014-02-24 08:00:00	GIAMBELLINO	3.5
2014-02-24 09:00:00	GIAMBELLINO	4.033333333333333
2014-02-24 10:00:00	GIAMBELLINO	5.666666666666667
2014-02-24 11:00:00	GIAMBELLINO	6.7
2014-02-24 12:00:00	GIAMBELLINO	6.933333333333334
2014-02-24 13:00:00	GIAMBELLINO	5.1
2014-02-24 14:00:00	GIAMBELLINO	4.766666666666667
2014-02-24 15:00:00	GIAMBELLINO	4.666666666666667
2014-02-24 16:00:00	GIAMBELLINO	5.333333333333333
2014-02-24 17:00:00	GIAMBELLINO	6.133333333333334
2014-02-24 18:00:00	GIAMBELLINO	6.7
2014-02-24 19:00:00	GIAMBELLINO	3.2333333333333334
2014-02-24 20:00:00	GIAMBELLINO	2.1
2014-02-24 21:00:00	GIAMBELLINO	2.0
2014-02-24 22:00:00	GIAMBELLINO	1.4666666666666666
2014-02-24 23:00:00	GIAMBELLINO	2.1
2014-02-25 00:00:00	GIAMBELLINO	2.7
2014-02-25 01:00:00	GIAMBELLINO	0.4666666666666667
2014-02-25 02:00:00	GIAMBELLINO	1.4333333333333333
2014-02-25 03:00:00	GIAMBELLINO	3.066666666666667
2014-02-25 04:00:00	GIAMBELLINO	6.433333333333334
2014-02-25 05:00:00	GIAMBELLINO	6.466666666666667
2014-02-25 06:00:00	GIAMBELLINO	6.2
2014-02-25 07:00:00	GIAMBELLINO	6.8
2014-02-25 08:00:00	GIAMBELLINO	4.133333333333334
2014-02-25 09:00:00	GIAMBELLINO	0.8
2014-02-25 11:00:00	GIAMBELLINO	0.16666666666666666
2014-02-25 12:00:00	GIAMBELLINO	1.6
2014-02-25 13:00:00	GIAMBELLINO	2.966666666666667
2014-02-25 14:00:00	GIAMBELLINO	2.1666666666666665
2014-02-25 15:00:00	GIAMBELLINO	3.066666666666667
2014-02-25 16:00:00	GIAMBELLINO	2.3
2014-02-25 17:00:00	GIAMBELLINO	2.3333333333333335
2014-02-25 18:00:00	GIAMBELLINO	2.3666666666666667
2014-02-25 19:00:00	GIAMBELLINO	2.466666666666667
2014-02-25 20:00:00	GIAMBELLINO	1.5666666666666667
2014-02-25 21:00:00	GIAMBELLINO	1.8666666666666667
2014-02-25 22:00:00	GIAMBELLINO	1.0
2014-02-25 23:00:00	GIAMBELLINO	2.0
2014-02-26 00:00:00	GIAMBELLINO	1.9666666666666666
2014-02-26 01:00:00	GIAMBELLINO	1.3
2014-02-26 02:00:00	GIAMBELLINO	2.7
2014-02-26 03:00:00	GIAMBELLINO	3.0
2014-02-26 04:00:00	GIAMBELLINO	5.366666666666666
2014-02-26 05:00:00	GIAMBELLINO	6.0
2014-02-26 06:00:00	GIAMBELLINO	5.5
2014-02-26 07:00:00	GIAMBELLINO	4.566666666666666
2014-02-26 08:00:00	GIAMBELLINO	0.8333333333333334
2014-02-26 09:00:00	GIAMBELLINO	0.9333333333333333
2014-02-26 10:00:00	GIAMBELLINO	1.0
2014-02-26 11:00:00	GIAMBELLINO	1.7333333333333334
2014-02-26 12:00:00	GIAMBELLINO	2.033333333333333
2014-02-26 13:00:00	GIAMBELLINO	0.6
2014-02-26 15:00:00	GIAMBELLINO	0.4666666666666667
2014-02-26 16:00:00	GIAMBELLINO	2.0
2014-02-26 17:00:00	GIAMBELLINO	2.0
2014-02-26 18:00:00	GIAMBELLINO	2.8666666666666667
2014-02-26 19:00:00	GIAMBELLINO	2.7
2014-02-26 20:00:00	GIAMBELLINO	2.5
2014-02-26 21:00:00	GIAMBELLINO	0.9333333333333333
2014-02-26 22:00:00	GIAMBELLINO	3.033333333333333
2014-02-26 23:00:00	GIAMBELLINO	8.0
2014-02-27 00:00:00	GIAMBELLINO	8.533333333333333
2014-02-27 01:00:00	GIAMBELLINO	7.066666666666666
2014-02-27 02:00:00	GIAMBELLINO	7.566666666666666
2014-02-27 03:00:00	GIAMBELLINO	9.633333333333333
2014-02-27 04:00:00	GIAMBELLINO	11.433333333333334
2014-02-27 05:00:00	GIAMBELLINO	10.666666666666666
2014-02-27 06:00:00	GIAMBELLINO	7.9
2014-02-27 07:00:00	GIAMBELLINO	7.6
2014-02-27 08:00:00	GIAMBELLINO	3.966666666666667
2014-02-27 09:00:00	GIAMBELLINO	1.6333333333333333
2014-02-27 10:00:00	GIAMBELLINO	0.43333333333333335
2014-02-27 11:00:00	GIAMBELLINO	0.5333333333333333
2014-02-27 14:00:00	GIAMBELLINO	0.43333333333333335
2014-02-27 15:00:00	GIAMBELLINO	1.2333333333333334
2014-02-27 16:00:00	GIAMBELLINO	2.966666666666667
2014-02-27 17:00:00	GIAMBELLINO	1.9666666666666666
2014-02-27 18:00:00	GIAMBELLINO	2.4
2014-02-27 19:00:00	GIAMBELLINO	2.3333333333333335
2014-02-27 20:00:00	GIAMBELLINO	2.0
2014-02-27 21:00:00	GIAMBELLINO	2.5
2014-02-27 22:00:00	GIAMBELLINO	2.1666666666666665
2014-02-27 23:00:00	GIAMBELLINO	1.7333333333333334
2014-02-28 00:00:00	GIAMBELLINO	2.1666666666666665
2014-02-28 01:00:00	GIAMBELLINO	3.933333333333333
2014-02-28 02:00:00	GIAMBELLINO	4.0
2014-02-28 03:00:00	GIAMBELLINO	3.5
2014-02-28 04:00:00	GIAMBELLINO	4.166666666666667
2014-02-28 05:00:00	GIAMBELLINO	3.2666666666666666
2014-02-28 06:00:00	GIAMBELLINO	3.1666666666666665
2014-02-28 07:00:00	GIAMBELLINO	3.2666666666666666
2014-02-28 08:00:00	GIAMBELLINO	0.23333333333333334
2014-02-28 10:00:00	GIAMBELLINO	0.4
2014-02-28 12:00:00	GIAMBELLINO	0.23333333333333334
2014-02-28 13:00:00	GIAMBELLINO	1.0
2014-02-28 14:00:00	GIAMBELLINO	1.1333333333333333
2014-02-28 15:00:00	GIAMBELLINO	2.3
2014-02-28 16:00:00	GIAMBELLINO	3.6333333333333333
2014-02-28 17:00:00	GIAMBELLINO	2.3333333333333335
2014-02-28 18:00:00	GIAMBELLINO	0.7333333333333333
2014-02-28 19:00:00	GIAMBELLINO	0.9333333333333333
2014-02-28 20:00:00	GIAMBELLINO	0.8666666666666667
2014-02-28 21:00:00	GIAMBELLINO	1.6666666666666667
2014-02-28 22:00:00	GIAMBELLINO	2.9
2014-02-28 23:00:00	GIAMBELLINO	3.2666666666666666
2014-03-01 00:00:00	GIAMBELLINO	0.7666666666666667
2014-03-01 01:00:00	GIAMBELLINO	0.5666666666666667
2014-03-01 02:00:00	GIAMBELLINO	0.7333333333333333
2014-03-01 03:00:00	GIAMBELLINO	1.7666666666666666
2014-03-01 04:00:00	GIAMBELLINO	2.566666666666667
2014-03-01 05:00:00	GIAMBELLINO	4.1
2014-03-01 06:00:00	GIAMBELLINO	2.7
2014-03-01 07:00:00	GIAMBELLINO	2.3666666666666667
2014-03-01 08:00:00	GIAMBELLINO	2.3333333333333335
2014-03-01 09:00:00	GIAMBELLINO	1.2333333333333334
2014-03-01 10:00:00	GIAMBELLINO	0.8
2014-03-01 11:00:00	GIAMBELLINO	0.6333333333333333
2014-03-01 12:00:00	GIAMBELLINO	0.9666666666666667
2014-03-01 13:00:00	GIAMBELLINO	1.7333333333333334
2014-03-01 14:00:00	GIAMBELLINO	1.6333333333333333
2014-03-01 15:00:00	GIAMBELLINO	1.1333333333333333
2014-03-01 16:00:00	GIAMBELLINO	1.4333333333333333
2014-03-01 17:00:00	GIAMBELLINO	2.033333333333333
2014-03-01 18:00:00	GIAMBELLINO	1.1333333333333333
2014-03-01 19:00:00	GIAMBELLINO	2.2666666666666666
2014-03-01 20:00:00	GIAMBELLINO	1.2
2014-03-01 21:00:00	GIAMBELLINO	0.36666666666666664
2014-03-01 22:00:00	GIAMBELLINO	0.2
2014-03-01 23:00:00	GIAMBELLINO	0.2
2014-03-02 00:00:00	GIAMBELLINO	0.4
2014-03-02 01:00:00	GIAMBELLINO	1.9333333333333333
2014-03-02 02:00:00	GIAMBELLINO	2.533333333333333
2014-03-02 03:00:00	GIAMBELLINO	2.9
2014-03-02 04:00:00	GIAMBELLINO	2.8666666666666667
2014-03-02 05:00:00	GIAMBELLINO	3.7666666666666666
2014-03-02 06:00:00	GIAMBELLINO	5.0
2014-03-02 07:00:00	GIAMBELLINO	4.866666666666666
2014-03-02 08:00:00	GIAMBELLINO	4.0
2014-03-02 09:00:00	GIAMBELLINO	3.466666666666667
2014-03-02 10:00:00	GIAMBELLINO	0.6
2014-03-02 11:00:00	GIAMBELLINO	1.6
2014-03-02 12:00:00	GIAMBELLINO	0.7666666666666667
2014-03-02 13:00:00	GIAMBELLINO	2.533333333333333
2014-03-02 14:00:00	GIAMBELLINO	4.8
2014-03-02 15:00:00	GIAMBELLINO	1.4666666666666666
2014-03-02 16:00:00	GIAMBELLINO	1.0
2014-03-02 17:00:00	GIAMBELLINO	0.8333333333333334
2014-03-02 18:00:00	GIAMBELLINO	0.6666666666666666
2014-03-02 19:00:00	GIAMBELLINO	0.8666666666666667
2014-03-02 20:00:00	GIAMBELLINO	2.1666666666666665
2014-03-02 21:00:00	GIAMBELLINO	4.7
2014-03-02 22:00:00	GIAMBELLINO	4.0
2014-03-02 23:00:00	GIAMBELLINO	3.4
2014-02-24 08:00:00	GIARDINI PORTA VENEZIA	0.8666666666666667
2014-02-24 09:00:00	GIARDINI PORTA VENEZIA	1.1
2014-02-24 19:00:00	GIARDINI PORTA VENEZIA	0.16666666666666666
2014-02-24 20:00:00	GIARDINI PORTA VENEZIA	0.03333333333333333
2014-02-25 08:00:00	GIARDINI PORTA VENEZIA	0.03333333333333333
2014-02-25 12:00:00	GIARDINI PORTA VENEZIA	0.13333333333333333
2014-02-25 13:00:00	GIARDINI PORTA VENEZIA	0.9666666666666667
2014-02-25 15:00:00	GIARDINI PORTA VENEZIA	0.13333333333333333
2014-02-25 16:00:00	GIARDINI PORTA VENEZIA	0.7
2014-02-25 17:00:00	GIARDINI PORTA VENEZIA	0.16666666666666666
2014-02-25 20:00:00	GIARDINI PORTA VENEZIA	0.13333333333333333
2014-02-26 07:00:00	GIARDINI PORTA VENEZIA	0.8666666666666667
2014-02-26 08:00:00	GIARDINI PORTA VENEZIA	1.1666666666666667
2014-02-26 09:00:00	GIARDINI PORTA VENEZIA	0.03333333333333333
2014-02-26 12:00:00	GIARDINI PORTA VENEZIA	0.23333333333333334
2014-02-26 13:00:00	GIARDINI PORTA VENEZIA	0.8
2014-02-26 14:00:00	GIARDINI PORTA VENEZIA	1.2333333333333334
2014-02-26 15:00:00	GIARDINI PORTA VENEZIA	1.0
2014-02-26 16:00:00	GIARDINI PORTA VENEZIA	0.6666666666666666
2014-02-26 19:00:00	GIARDINI PORTA VENEZIA	0.03333333333333333
2014-02-27 07:00:00	GIARDINI PORTA VENEZIA	0.5
2014-02-27 08:00:00	GIARDINI PORTA VENEZIA	0.5333333333333333
2014-02-27 09:00:00	GIARDINI PORTA VENEZIA	0.8666666666666667
2014-02-27 11:00:00	GIARDINI PORTA VENEZIA	0.6333333333333333
2014-02-27 12:00:00	GIARDINI PORTA VENEZIA	1.0333333333333334
2014-02-27 13:00:00	GIARDINI PORTA VENEZIA	2.4
2014-02-27 14:00:00	GIARDINI PORTA VENEZIA	0.9333333333333333
2014-02-27 15:00:00	GIARDINI PORTA VENEZIA	1.0
2014-02-27 16:00:00	GIARDINI PORTA VENEZIA	0.43333333333333335
2014-02-27 17:00:00	GIARDINI PORTA VENEZIA	0.03333333333333333
2014-02-27 19:00:00	GIARDINI PORTA VENEZIA	0.03333333333333333
2014-02-28 07:00:00	GIARDINI PORTA VENEZIA	0.5
2014-02-28 08:00:00	GIARDINI PORTA VENEZIA	0.4666666666666667
2014-02-28 09:00:00	GIARDINI PORTA VENEZIA	1.3
2014-02-28 10:00:00	GIARDINI PORTA VENEZIA	1.8
2014-02-28 11:00:00	GIARDINI PORTA VENEZIA	0.8666666666666667
2014-02-28 12:00:00	GIARDINI PORTA VENEZIA	1.0
2014-02-28 13:00:00	GIARDINI PORTA VENEZIA	1.0
2014-02-28 14:00:00	GIARDINI PORTA VENEZIA	0.8333333333333334
2014-02-28 15:00:00	GIARDINI PORTA VENEZIA	0.2
2014-02-28 16:00:00	GIARDINI PORTA VENEZIA	0.43333333333333335
2014-02-28 17:00:00	GIARDINI PORTA VENEZIA	0.03333333333333333
2014-02-28 19:00:00	GIARDINI PORTA VENEZIA	0.06666666666666667
2014-02-28 23:00:00	GIARDINI PORTA VENEZIA	0.16666666666666666
2014-03-01 10:00:00	GIARDINI PORTA VENEZIA	0.8333333333333334
2014-03-01 11:00:00	GIARDINI PORTA VENEZIA	2.7
2014-03-01 12:00:00	GIARDINI PORTA VENEZIA	1.1333333333333333
2014-03-01 14:00:00	GIARDINI PORTA VENEZIA	0.4
2014-03-01 15:00:00	GIARDINI PORTA VENEZIA	0.26666666666666666
2014-03-01 23:00:00	GIARDINI PORTA VENEZIA	0.06666666666666667
2014-03-02 01:00:00	GIARDINI PORTA VENEZIA	0.03333333333333333
2014-03-02 03:00:00	GIARDINI PORTA VENEZIA	0.3
2014-03-02 10:00:00	GIARDINI PORTA VENEZIA	0.26666666666666666
2014-03-02 11:00:00	GIARDINI PORTA VENEZIA	0.36666666666666664
2014-03-02 12:00:00	GIARDINI PORTA VENEZIA	0.3333333333333333
2014-03-02 13:00:00	GIARDINI PORTA VENEZIA	0.23333333333333334
2014-03-02 15:00:00	GIARDINI PORTA VENEZIA	0.9
2014-03-02 16:00:00	GIARDINI PORTA VENEZIA	0.43333333333333335
2014-03-02 17:00:00	GIARDINI PORTA VENEZIA	0.4666666666666667
2014-02-24 00:00:00	GRATOSOGLIO - TICINELLO	11.866666666666667
2014-02-24 01:00:00	GRATOSOGLIO - TICINELLO	12.0
2014-02-24 02:00:00	GRATOSOGLIO - TICINELLO	12.0
2014-02-24 03:00:00	GRATOSOGLIO - TICINELLO	11.5
2014-02-24 04:00:00	GRATOSOGLIO - TICINELLO	11.0
2014-02-24 05:00:00	GRATOSOGLIO - TICINELLO	11.0
2014-02-24 06:00:00	GRATOSOGLIO - TICINELLO	10.2
2014-02-24 07:00:00	GRATOSOGLIO - TICINELLO	10.0
2014-02-24 08:00:00	GRATOSOGLIO - TICINELLO	9.8
2014-02-24 09:00:00	GRATOSOGLIO - TICINELLO	8.466666666666667
2014-02-24 10:00:00	GRATOSOGLIO - TICINELLO	6.5
2014-02-24 11:00:00	GRATOSOGLIO - TICINELLO	5.933333333333334
2014-02-24 12:00:00	GRATOSOGLIO - TICINELLO	6.066666666666666
2014-02-24 13:00:00	GRATOSOGLIO - TICINELLO	5.2
2014-02-24 14:00:00	GRATOSOGLIO - TICINELLO	5.0
2014-02-24 15:00:00	GRATOSOGLIO - TICINELLO	5.5
2014-02-24 16:00:00	GRATOSOGLIO - TICINELLO	6.0
2014-02-24 17:00:00	GRATOSOGLIO - TICINELLO	7.966666666666667
2014-02-24 18:00:00	GRATOSOGLIO - TICINELLO	7.666666666666667
2014-02-24 19:00:00	GRATOSOGLIO - TICINELLO	8.866666666666667
2014-02-24 20:00:00	GRATOSOGLIO - TICINELLO	8.3
2014-02-24 21:00:00	GRATOSOGLIO - TICINELLO	9.0
2014-02-24 22:00:00	GRATOSOGLIO - TICINELLO	4.2
2014-02-24 23:00:00	GRATOSOGLIO - TICINELLO	6.266666666666667
2014-02-25 00:00:00	GRATOSOGLIO - TICINELLO	9.0
2014-02-25 01:00:00	GRATOSOGLIO - TICINELLO	9.0
2014-02-25 02:00:00	GRATOSOGLIO - TICINELLO	8.7
2014-02-25 03:00:00	GRATOSOGLIO - TICINELLO	8.533333333333333
2014-02-25 04:00:00	GRATOSOGLIO - TICINELLO	8.0
2014-02-25 05:00:00	GRATOSOGLIO - TICINELLO	7.733333333333333
2014-02-25 06:00:00	GRATOSOGLIO - TICINELLO	8.0
2014-02-25 07:00:00	GRATOSOGLIO - TICINELLO	7.4
2014-02-25 08:00:00	GRATOSOGLIO - TICINELLO	6.1
2014-02-25 09:00:00	GRATOSOGLIO - TICINELLO	5.0
2014-02-25 10:00:00	GRATOSOGLIO - TICINELLO	5.3
2014-02-25 11:00:00	GRATOSOGLIO - TICINELLO	6.0
2014-02-25 12:00:00	GRATOSOGLIO - TICINELLO	5.633333333333334
2014-02-25 13:00:00	GRATOSOGLIO - TICINELLO	6.366666666666666
2014-02-25 14:00:00	GRATOSOGLIO - TICINELLO	7.533333333333333
2014-02-25 15:00:00	GRATOSOGLIO - TICINELLO	9.466666666666667
2014-02-25 16:00:00	GRATOSOGLIO - TICINELLO	9.033333333333333
2014-02-25 17:00:00	GRATOSOGLIO - TICINELLO	10.3
2014-02-25 18:00:00	GRATOSOGLIO - TICINELLO	9.833333333333334
2014-02-25 19:00:00	GRATOSOGLIO - TICINELLO	7.9
2014-02-25 20:00:00	GRATOSOGLIO - TICINELLO	6.133333333333334
2014-02-25 21:00:00	GRATOSOGLIO - TICINELLO	6.866666666666666
2014-02-25 22:00:00	GRATOSOGLIO - TICINELLO	5.9
2014-02-25 23:00:00	GRATOSOGLIO - TICINELLO	5.1
2014-02-26 00:00:00	GRATOSOGLIO - TICINELLO	5.0
2014-02-26 01:00:00	GRATOSOGLIO - TICINELLO	5.9
2014-02-26 02:00:00	GRATOSOGLIO - TICINELLO	6.0
2014-02-26 03:00:00	GRATOSOGLIO - TICINELLO	5.533333333333333
2014-02-26 04:00:00	GRATOSOGLIO - TICINELLO	5.0
2014-02-26 05:00:00	GRATOSOGLIO - TICINELLO	5.0
2014-02-26 06:00:00	GRATOSOGLIO - TICINELLO	4.666666666666667
2014-02-26 07:00:00	GRATOSOGLIO - TICINELLO	4.166666666666667
2014-02-26 08:00:00	GRATOSOGLIO - TICINELLO	2.2
2014-02-26 09:00:00	GRATOSOGLIO - TICINELLO	1.0
2014-02-26 10:00:00	GRATOSOGLIO - TICINELLO	1.6333333333333333
2014-02-26 11:00:00	GRATOSOGLIO - TICINELLO	2.3333333333333335
2014-02-26 12:00:00	GRATOSOGLIO - TICINELLO	2.0
2014-02-26 13:00:00	GRATOSOGLIO - TICINELLO	2.7333333333333334
2014-02-26 14:00:00	GRATOSOGLIO - TICINELLO	1.8333333333333333
2014-02-26 15:00:00	GRATOSOGLIO - TICINELLO	1.0333333333333334
2014-02-26 16:00:00	GRATOSOGLIO - TICINELLO	2.2666666666666666
2014-02-26 17:00:00	GRATOSOGLIO - TICINELLO	3.066666666666667
2014-02-26 18:00:00	GRATOSOGLIO - TICINELLO	4.833333333333333
2014-02-26 19:00:00	GRATOSOGLIO - TICINELLO	5.666666666666667
2014-02-26 20:00:00	GRATOSOGLIO - TICINELLO	7.4
2014-02-26 21:00:00	GRATOSOGLIO - TICINELLO	7.766666666666667
2014-02-26 22:00:00	GRATOSOGLIO - TICINELLO	8.2
2014-02-26 23:00:00	GRATOSOGLIO - TICINELLO	8.8
2014-02-27 00:00:00	GRATOSOGLIO - TICINELLO	8.6
2014-02-27 01:00:00	GRATOSOGLIO - TICINELLO	7.733333333333333
2014-02-27 02:00:00	GRATOSOGLIO - TICINELLO	8.833333333333334
2014-02-27 03:00:00	GRATOSOGLIO - TICINELLO	8.6
2014-02-27 04:00:00	GRATOSOGLIO - TICINELLO	8.366666666666667
2014-02-27 05:00:00	GRATOSOGLIO - TICINELLO	9.0
2014-02-27 06:00:00	GRATOSOGLIO - TICINELLO	8.233333333333333
2014-02-27 07:00:00	GRATOSOGLIO - TICINELLO	7.6
2014-02-27 08:00:00	GRATOSOGLIO - TICINELLO	6.4
2014-02-27 09:00:00	GRATOSOGLIO - TICINELLO	6.433333333333334
2014-02-27 10:00:00	GRATOSOGLIO - TICINELLO	6.3
2014-02-27 11:00:00	GRATOSOGLIO - TICINELLO	4.633333333333334
2014-02-27 12:00:00	GRATOSOGLIO - TICINELLO	5.0
2014-02-27 13:00:00	GRATOSOGLIO - TICINELLO	4.7
2014-02-27 14:00:00	GRATOSOGLIO - TICINELLO	3.0
2014-02-27 15:00:00	GRATOSOGLIO - TICINELLO	4.366666666666666
2014-02-27 16:00:00	GRATOSOGLIO - TICINELLO	5.0
2014-02-27 17:00:00	GRATOSOGLIO - TICINELLO	5.733333333333333
2014-02-27 18:00:00	GRATOSOGLIO - TICINELLO	6.0
2014-02-27 19:00:00	GRATOSOGLIO - TICINELLO	6.866666666666666
2014-02-27 20:00:00	GRATOSOGLIO - TICINELLO	8.566666666666666
2014-02-27 21:00:00	GRATOSOGLIO - TICINELLO	8.0
2014-02-27 22:00:00	GRATOSOGLIO - TICINELLO	8.166666666666666
2014-02-27 23:00:00	GRATOSOGLIO - TICINELLO	10.666666666666666
2014-02-28 00:00:00	GRATOSOGLIO - TICINELLO	9.533333333333333
2014-02-28 01:00:00	GRATOSOGLIO - TICINELLO	9.5
2014-02-28 02:00:00	GRATOSOGLIO - TICINELLO	11.0
2014-02-28 03:00:00	GRATOSOGLIO - TICINELLO	10.2
2014-02-28 04:00:00	GRATOSOGLIO - TICINELLO	9.0
2014-02-28 05:00:00	GRATOSOGLIO - TICINELLO	9.0
2014-02-28 06:00:00	GRATOSOGLIO - TICINELLO	8.433333333333334
2014-02-28 07:00:00	GRATOSOGLIO - TICINELLO	8.366666666666667
2014-02-28 08:00:00	GRATOSOGLIO - TICINELLO	6.966666666666667
2014-02-28 09:00:00	GRATOSOGLIO - TICINELLO	7.033333333333333
2014-02-28 10:00:00	GRATOSOGLIO - TICINELLO	6.5
2014-02-28 11:00:00	GRATOSOGLIO - TICINELLO	6.766666666666667
2014-02-28 12:00:00	GRATOSOGLIO - TICINELLO	7.3
2014-02-28 13:00:00	GRATOSOGLIO - TICINELLO	6.633333333333334
2014-02-28 14:00:00	GRATOSOGLIO - TICINELLO	6.833333333333333
2014-02-28 15:00:00	GRATOSOGLIO - TICINELLO	5.666666666666667
2014-02-28 16:00:00	GRATOSOGLIO - TICINELLO	5.5
2014-02-28 17:00:00	GRATOSOGLIO - TICINELLO	7.533333333333333
2014-02-28 18:00:00	GRATOSOGLIO - TICINELLO	9.166666666666666
2014-02-28 19:00:00	GRATOSOGLIO - TICINELLO	9.033333333333333
2014-02-28 20:00:00	GRATOSOGLIO - TICINELLO	9.6
2014-02-28 21:00:00	GRATOSOGLIO - TICINELLO	9.833333333333334
2014-02-28 22:00:00	GRATOSOGLIO - TICINELLO	9.666666666666666
2014-02-28 23:00:00	GRATOSOGLIO - TICINELLO	9.0
2014-03-01 00:00:00	GRATOSOGLIO - TICINELLO	9.0
2014-03-01 01:00:00	GRATOSOGLIO - TICINELLO	8.066666666666666
2014-03-01 02:00:00	GRATOSOGLIO - TICINELLO	7.1
2014-03-01 03:00:00	GRATOSOGLIO - TICINELLO	8.666666666666666
2014-03-01 04:00:00	GRATOSOGLIO - TICINELLO	10.0
2014-03-01 05:00:00	GRATOSOGLIO - TICINELLO	10.0
2014-03-01 06:00:00	GRATOSOGLIO - TICINELLO	10.0
2014-03-01 07:00:00	GRATOSOGLIO - TICINELLO	10.0
2014-03-01 08:00:00	GRATOSOGLIO - TICINELLO	10.0
2014-03-01 09:00:00	GRATOSOGLIO - TICINELLO	8.4
2014-03-01 10:00:00	GRATOSOGLIO - TICINELLO	7.433333333333334
2014-03-01 11:00:00	GRATOSOGLIO - TICINELLO	6.366666666666666
2014-03-01 12:00:00	GRATOSOGLIO - TICINELLO	7.166666666666667
2014-03-01 13:00:00	GRATOSOGLIO - TICINELLO	6.133333333333334
2014-03-01 14:00:00	GRATOSOGLIO - TICINELLO	4.633333333333334
2014-03-01 15:00:00	GRATOSOGLIO - TICINELLO	5.7
2014-03-01 16:00:00	GRATOSOGLIO - TICINELLO	7.666666666666667
2014-03-01 17:00:00	GRATOSOGLIO - TICINELLO	7.033333333333333
2014-03-01 18:00:00	GRATOSOGLIO - TICINELLO	7.0
2014-03-01 19:00:00	GRATOSOGLIO - TICINELLO	7.0
2014-03-01 20:00:00	GRATOSOGLIO - TICINELLO	6.7
2014-03-01 21:00:00	GRATOSOGLIO - TICINELLO	5.666666666666667
2014-03-01 22:00:00	GRATOSOGLIO - TICINELLO	5.433333333333334
2014-03-01 23:00:00	GRATOSOGLIO - TICINELLO	5.066666666666666
2014-03-02 00:00:00	GRATOSOGLIO - TICINELLO	5.0
2014-03-02 01:00:00	GRATOSOGLIO - TICINELLO	5.933333333333334
2014-03-02 02:00:00	GRATOSOGLIO - TICINELLO	8.366666666666667
2014-03-02 03:00:00	GRATOSOGLIO - TICINELLO	10.0
2014-03-02 04:00:00	GRATOSOGLIO - TICINELLO	10.0
2014-03-02 05:00:00	GRATOSOGLIO - TICINELLO	8.666666666666666
2014-03-02 06:00:00	GRATOSOGLIO - TICINELLO	10.0
2014-03-02 07:00:00	GRATOSOGLIO - TICINELLO	10.0
2014-03-02 08:00:00	GRATOSOGLIO - TICINELLO	10.0
2014-03-02 09:00:00	GRATOSOGLIO - TICINELLO	10.0
2014-03-02 10:00:00	GRATOSOGLIO - TICINELLO	9.666666666666666
2014-03-02 11:00:00	GRATOSOGLIO - TICINELLO	9.033333333333333
2014-03-02 12:00:00	GRATOSOGLIO - TICINELLO	8.866666666666667
2014-03-02 13:00:00	GRATOSOGLIO - TICINELLO	9.3
2014-03-02 14:00:00	GRATOSOGLIO - TICINELLO	8.0
2014-03-02 15:00:00	GRATOSOGLIO - TICINELLO	8.0
2014-03-02 16:00:00	GRATOSOGLIO - TICINELLO	7.933333333333334
2014-03-02 17:00:00	GRATOSOGLIO - TICINELLO	7.866666666666666
2014-03-02 18:00:00	GRATOSOGLIO - TICINELLO	7.0
2014-03-02 19:00:00	GRATOSOGLIO - TICINELLO	5.966666666666667
2014-03-02 20:00:00	GRATOSOGLIO - TICINELLO	6.1
2014-03-02 21:00:00	GRATOSOGLIO - TICINELLO	7.0
2014-03-02 22:00:00	GRATOSOGLIO - TICINELLO	6.866666666666666
2014-03-02 23:00:00	GRATOSOGLIO - TICINELLO	7.2
2014-02-24 00:00:00	GRECO	2.966666666666667
2014-02-24 01:00:00	GRECO	3.1333333333333333
2014-02-24 02:00:00	GRECO	3.8333333333333335
2014-02-24 03:00:00	GRECO	4.0
2014-02-24 04:00:00	GRECO	4.0
2014-02-24 05:00:00	GRECO	4.4
2014-02-24 06:00:00	GRECO	4.933333333333334
2014-02-24 07:00:00	GRECO	4.0
2014-02-24 08:00:00	GRECO	3.3666666666666667
2014-02-24 09:00:00	GRECO	4.566666666666666
2014-02-24 10:00:00	GRECO	4.1
2014-02-24 11:00:00	GRECO	2.066666666666667
2014-02-24 12:00:00	GRECO	1.0
2014-02-24 13:00:00	GRECO	1.0
2014-02-24 14:00:00	GRECO	1.0
2014-02-24 15:00:00	GRECO	1.5
2014-02-24 16:00:00	GRECO	2.0
2014-02-24 17:00:00	GRECO	2.0
2014-02-24 18:00:00	GRECO	2.066666666666667
2014-02-24 19:00:00	GRECO	3.433333333333333
2014-02-24 20:00:00	GRECO	3.466666666666667
2014-02-24 21:00:00	GRECO	4.066666666666666
2014-02-24 22:00:00	GRECO	1.8666666666666667
2014-02-24 23:00:00	GRECO	3.4
2014-02-25 00:00:00	GRECO	7.166666666666667
2014-02-25 01:00:00	GRECO	6.566666666666666
2014-02-25 02:00:00	GRECO	6.7
2014-02-25 03:00:00	GRECO	7.0
2014-02-25 04:00:00	GRECO	7.0
2014-02-25 05:00:00	GRECO	6.133333333333334
2014-02-25 06:00:00	GRECO	6.033333333333333
2014-02-25 07:00:00	GRECO	5.6
2014-02-25 08:00:00	GRECO	3.1333333333333333
2014-02-25 09:00:00	GRECO	1.0333333333333334
2014-02-25 10:00:00	GRECO	1.2666666666666666
2014-02-25 11:00:00	GRECO	2.7333333333333334
2014-02-25 12:00:00	GRECO	3.1
2014-02-25 13:00:00	GRECO	3.033333333333333
2014-02-25 14:00:00	GRECO	2.1
2014-02-25 15:00:00	GRECO	1.6333333333333333
2014-02-25 16:00:00	GRECO	1.8333333333333333
2014-02-25 17:00:00	GRECO	3.933333333333333
2014-02-25 18:00:00	GRECO	4.733333333333333
2014-02-25 19:00:00	GRECO	5.033333333333333
2014-02-25 20:00:00	GRECO	4.266666666666667
2014-02-25 21:00:00	GRECO	3.8666666666666667
2014-02-25 22:00:00	GRECO	2.8666666666666667
2014-02-25 23:00:00	GRECO	2.3666666666666667
2014-02-26 00:00:00	GRECO	2.8
2014-02-26 01:00:00	GRECO	2.7
2014-02-26 02:00:00	GRECO	3.0
2014-02-26 03:00:00	GRECO	3.0
2014-02-26 04:00:00	GRECO	3.0
2014-02-26 05:00:00	GRECO	2.0
2014-02-26 06:00:00	GRECO	1.3
2014-02-26 07:00:00	GRECO	1.6666666666666667
2014-02-26 08:00:00	GRECO	2.0
2014-02-26 09:00:00	GRECO	2.0
2014-02-26 10:00:00	GRECO	2.4
2014-02-26 11:00:00	GRECO	1.8333333333333333
2014-02-26 12:00:00	GRECO	1.0
2014-02-26 13:00:00	GRECO	1.2
2014-02-26 14:00:00	GRECO	2.8
2014-02-26 15:00:00	GRECO	3.4
2014-02-26 16:00:00	GRECO	4.5
2014-02-26 17:00:00	GRECO	3.8
2014-02-26 18:00:00	GRECO	5.5
2014-02-26 19:00:00	GRECO	5.3
2014-02-26 20:00:00	GRECO	5.266666666666667
2014-02-26 21:00:00	GRECO	6.066666666666666
2014-02-26 22:00:00	GRECO	4.166666666666667
2014-02-26 23:00:00	GRECO	4.933333333333334
2014-02-27 00:00:00	GRECO	5.433333333333334
2014-02-27 01:00:00	GRECO	5.6
2014-02-27 02:00:00	GRECO	5.0
2014-02-27 03:00:00	GRECO	5.0
2014-02-27 04:00:00	GRECO	5.0
2014-02-27 05:00:00	GRECO	5.0
2014-02-27 06:00:00	GRECO	5.0
2014-02-27 07:00:00	GRECO	4.066666666666666
2014-02-27 08:00:00	GRECO	1.6333333333333333
2014-02-27 09:00:00	GRECO	1.6333333333333333
2014-02-27 10:00:00	GRECO	2.0
2014-02-27 11:00:00	GRECO	2.2666666666666666
2014-02-27 12:00:00	GRECO	2.466666666666667
2014-02-27 13:00:00	GRECO	3.566666666666667
2014-02-27 14:00:00	GRECO	2.6
2014-02-27 15:00:00	GRECO	3.433333333333333
2014-02-27 16:00:00	GRECO	3.533333333333333
2014-02-27 17:00:00	GRECO	4.066666666666666
2014-02-27 18:00:00	GRECO	6.5
2014-02-27 19:00:00	GRECO	7.0
2014-02-27 20:00:00	GRECO	7.066666666666666
2014-02-27 21:00:00	GRECO	6.966666666666667
2014-02-27 22:00:00	GRECO	6.133333333333334
2014-02-27 23:00:00	GRECO	5.566666666666666
2014-02-28 00:00:00	GRECO	6.766666666666667
2014-02-28 01:00:00	GRECO	6.766666666666667
2014-02-28 02:00:00	GRECO	7.566666666666666
2014-02-28 03:00:00	GRECO	8.0
2014-02-28 04:00:00	GRECO	7.2
2014-02-28 05:00:00	GRECO	7.0
2014-02-28 06:00:00	GRECO	6.3
2014-02-28 07:00:00	GRECO	5.366666666666666
2014-02-28 08:00:00	GRECO	3.466666666666667
2014-02-28 09:00:00	GRECO	3.0
2014-02-28 10:00:00	GRECO	2.933333333333333
2014-02-28 11:00:00	GRECO	2.4
2014-02-28 12:00:00	GRECO	2.0
2014-02-28 13:00:00	GRECO	1.8666666666666667
2014-02-28 14:00:00	GRECO	2.8
2014-02-28 15:00:00	GRECO	4.866666666666666
2014-02-28 16:00:00	GRECO	4.133333333333334
2014-02-28 17:00:00	GRECO	4.9
2014-02-28 18:00:00	GRECO	3.933333333333333
2014-02-28 19:00:00	GRECO	3.8
2014-02-28 20:00:00	GRECO	5.1
2014-02-28 21:00:00	GRECO	5.566666666666666
2014-02-28 22:00:00	GRECO	6.833333333333333
2014-02-28 23:00:00	GRECO	13.033333333333333
2014-03-01 00:00:00	GRECO	19.866666666666667
2014-03-01 01:00:00	GRECO	27.433333333333334
2014-03-01 02:00:00	GRECO	22.133333333333333
2014-03-01 03:00:00	GRECO	19.8
2014-03-01 04:00:00	GRECO	12.333333333333334
2014-03-01 05:00:00	GRECO	1.4
2014-03-01 06:00:00	GRECO	1.6
2014-03-01 07:00:00	GRECO	1.2666666666666666
2014-03-01 08:00:00	GRECO	1.0
2014-03-01 09:00:00	GRECO	0.6333333333333333
2014-03-01 10:00:00	GRECO	0.16666666666666666
2014-03-01 13:00:00	GRECO	0.06666666666666667
2014-03-01 15:00:00	GRECO	0.8333333333333334
2014-03-01 16:00:00	GRECO	1.7
2014-03-01 17:00:00	GRECO	3.433333333333333
2014-03-01 18:00:00	GRECO	3.0
2014-03-01 19:00:00	GRECO	2.3
2014-03-01 20:00:00	GRECO	2.8
2014-03-01 21:00:00	GRECO	3.6333333333333333
2014-03-01 22:00:00	GRECO	4.166666666666667
2014-03-01 23:00:00	GRECO	3.1
2014-03-02 00:00:00	GRECO	4.466666666666667
2014-03-02 01:00:00	GRECO	4.833333333333333
2014-03-02 02:00:00	GRECO	8.0
2014-03-02 03:00:00	GRECO	5.966666666666667
2014-03-02 04:00:00	GRECO	3.6666666666666665
2014-03-02 05:00:00	GRECO	3.466666666666667
2014-03-02 06:00:00	GRECO	4.0
2014-03-02 07:00:00	GRECO	4.0
2014-03-02 08:00:00	GRECO	4.0
2014-03-02 09:00:00	GRECO	3.933333333333333
2014-03-02 10:00:00	GRECO	2.966666666666667
2014-03-02 11:00:00	GRECO	3.2
2014-03-02 12:00:00	GRECO	2.7333333333333334
2014-03-02 13:00:00	GRECO	2.3
2014-03-02 14:00:00	GRECO	1.0
2014-03-02 15:00:00	GRECO	1.3666666666666667
2014-03-02 16:00:00	GRECO	2.2
2014-03-02 17:00:00	GRECO	1.6333333333333333
2014-03-02 18:00:00	GRECO	0.13333333333333333
2014-03-02 19:00:00	GRECO	0.26666666666666666
2014-03-02 20:00:00	GRECO	0.5
2014-03-02 21:00:00	GRECO	0.3333333333333333
2014-03-02 22:00:00	GRECO	1.1666666666666667
2014-03-02 23:00:00	GRECO	0.9
2014-02-24 00:00:00	GUASTALLA	0.4666666666666667
2014-02-24 01:00:00	GUASTALLA	0.8333333333333334
2014-02-24 02:00:00	GUASTALLA	0.06666666666666667
2014-02-24 07:00:00	GUASTALLA	0.36666666666666664
2014-02-24 08:00:00	GUASTALLA	0.36666666666666664
2014-02-24 09:00:00	GUASTALLA	4.033333333333333
2014-02-24 10:00:00	GUASTALLA	11.4
2014-02-24 11:00:00	GUASTALLA	8.766666666666667
2014-02-24 12:00:00	GUASTALLA	2.8666666666666667
2014-02-24 13:00:00	GUASTALLA	0.3
2014-02-24 14:00:00	GUASTALLA	2.566666666666667
2014-02-24 15:00:00	GUASTALLA	6.7
2014-02-24 16:00:00	GUASTALLA	6.0
2014-02-24 17:00:00	GUASTALLA	5.3
2014-02-24 18:00:00	GUASTALLA	1.6
2014-02-24 19:00:00	GUASTALLA	0.7666666666666667
2014-02-24 20:00:00	GUASTALLA	0.5333333333333333
2014-02-24 21:00:00	GUASTALLA	0.6
2014-02-24 22:00:00	GUASTALLA	0.03333333333333333
2014-02-24 23:00:00	GUASTALLA	0.3333333333333333
2014-02-25 00:00:00	GUASTALLA	0.6333333333333333
2014-02-25 01:00:00	GUASTALLA	1.8666666666666667
2014-02-25 02:00:00	GUASTALLA	1.7333333333333334
2014-02-25 03:00:00	GUASTALLA	1.1666666666666667
2014-02-25 04:00:00	GUASTALLA	2.7333333333333334
2014-02-25 05:00:00	GUASTALLA	2.9
2014-02-25 06:00:00	GUASTALLA	2.066666666666667
2014-02-25 07:00:00	GUASTALLA	1.8
2014-02-25 08:00:00	GUASTALLA	4.3
2014-02-25 09:00:00	GUASTALLA	5.6
2014-02-25 10:00:00	GUASTALLA	5.933333333333334
2014-02-25 11:00:00	GUASTALLA	4.0
2014-02-25 12:00:00	GUASTALLA	3.033333333333333
2014-02-25 13:00:00	GUASTALLA	1.6666666666666667
2014-02-25 14:00:00	GUASTALLA	6.666666666666667
2014-02-25 15:00:00	GUASTALLA	9.3
2014-02-25 16:00:00	GUASTALLA	4.166666666666667
2014-02-25 17:00:00	GUASTALLA	3.2333333333333334
2014-02-25 18:00:00	GUASTALLA	0.8666666666666667
2014-02-25 19:00:00	GUASTALLA	0.7666666666666667
2014-02-25 20:00:00	GUASTALLA	0.8
2014-02-25 21:00:00	GUASTALLA	0.3
2014-02-25 22:00:00	GUASTALLA	0.4666666666666667
2014-02-26 00:00:00	GUASTALLA	0.06666666666666667
2014-02-26 01:00:00	GUASTALLA	0.5666666666666667
2014-02-26 02:00:00	GUASTALLA	2.6
2014-02-26 03:00:00	GUASTALLA	3.2333333333333334
2014-02-26 04:00:00	GUASTALLA	4.0
2014-02-26 05:00:00	GUASTALLA	3.8
2014-02-26 06:00:00	GUASTALLA	4.0
2014-02-26 07:00:00	GUASTALLA	3.933333333333333
2014-02-26 08:00:00	GUASTALLA	6.833333333333333
2014-02-26 09:00:00	GUASTALLA	13.033333333333333
2014-02-26 10:00:00	GUASTALLA	15.866666666666667
2014-02-26 11:00:00	GUASTALLA	12.033333333333333
2014-02-26 12:00:00	GUASTALLA	5.266666666666667
2014-02-26 13:00:00	GUASTALLA	2.6333333333333333
2014-02-26 14:00:00	GUASTALLA	5.0
2014-02-26 15:00:00	GUASTALLA	7.133333333333334
2014-02-26 16:00:00	GUASTALLA	5.166666666666667
2014-02-26 17:00:00	GUASTALLA	2.2666666666666666
2014-02-26 18:00:00	GUASTALLA	0.8333333333333334
2014-02-26 19:00:00	GUASTALLA	0.2
2014-02-26 20:00:00	GUASTALLA	0.3
2014-02-26 21:00:00	GUASTALLA	0.5
2014-02-26 22:00:00	GUASTALLA	1.0
2014-02-26 23:00:00	GUASTALLA	0.03333333333333333
2014-02-27 00:00:00	GUASTALLA	0.3333333333333333
2014-02-27 01:00:00	GUASTALLA	0.7
2014-02-27 02:00:00	GUASTALLA	1.5
2014-02-27 03:00:00	GUASTALLA	1.0
2014-02-27 04:00:00	GUASTALLA	1.0
2014-02-27 05:00:00	GUASTALLA	1.0
2014-02-27 06:00:00	GUASTALLA	0.4666666666666667
2014-02-27 07:00:00	GUASTALLA	0.16666666666666666
2014-02-27 08:00:00	GUASTALLA	1.2
2014-02-27 09:00:00	GUASTALLA	3.933333333333333
2014-02-27 10:00:00	GUASTALLA	10.8
2014-02-27 11:00:00	GUASTALLA	17.166666666666668
2014-02-27 12:00:00	GUASTALLA	14.633333333333333
2014-02-27 13:00:00	GUASTALLA	9.7
2014-02-27 14:00:00	GUASTALLA	7.5
2014-02-27 15:00:00	GUASTALLA	8.966666666666667
2014-02-27 16:00:00	GUASTALLA	6.1
2014-02-27 17:00:00	GUASTALLA	5.966666666666667
2014-02-27 18:00:00	GUASTALLA	3.5
2014-02-27 19:00:00	GUASTALLA	0.2
2014-02-27 20:00:00	GUASTALLA	0.06666666666666667
2014-02-27 21:00:00	GUASTALLA	0.03333333333333333
2014-02-27 22:00:00	GUASTALLA	0.5333333333333333
2014-02-27 23:00:00	GUASTALLA	1.2666666666666666
2014-02-28 00:00:00	GUASTALLA	0.43333333333333335
2014-02-28 01:00:00	GUASTALLA	0.5333333333333333
2014-02-28 02:00:00	GUASTALLA	1.1
2014-02-28 03:00:00	GUASTALLA	1.4666666666666666
2014-02-28 04:00:00	GUASTALLA	1.0
2014-02-28 05:00:00	GUASTALLA	0.4666666666666667
2014-02-28 08:00:00	GUASTALLA	0.9666666666666667
2014-02-28 09:00:00	GUASTALLA	3.466666666666667
2014-02-28 10:00:00	GUASTALLA	7.2
2014-02-28 11:00:00	GUASTALLA	7.4
2014-02-28 12:00:00	GUASTALLA	2.2
2014-02-28 13:00:00	GUASTALLA	5.2
2014-02-28 14:00:00	GUASTALLA	4.8
2014-02-28 15:00:00	GUASTALLA	5.033333333333333
2014-02-28 16:00:00	GUASTALLA	4.5
2014-02-28 17:00:00	GUASTALLA	1.8
2014-02-28 18:00:00	GUASTALLA	0.5666666666666667
2014-02-28 19:00:00	GUASTALLA	0.1
2014-02-28 20:00:00	GUASTALLA	0.2
2014-02-28 21:00:00	GUASTALLA	0.4
2014-02-28 22:00:00	GUASTALLA	0.3
2014-02-28 23:00:00	GUASTALLA	0.26666666666666666
2014-03-01 00:00:00	GUASTALLA	0.3
2014-03-01 01:00:00	GUASTALLA	0.23333333333333334
2014-03-01 02:00:00	GUASTALLA	0.13333333333333333
2014-03-01 03:00:00	GUASTALLA	0.5333333333333333
2014-03-01 04:00:00	GUASTALLA	0.7666666666666667
2014-03-01 05:00:00	GUASTALLA	3.1
2014-03-01 06:00:00	GUASTALLA	3.2666666666666666
2014-03-01 07:00:00	GUASTALLA	3.0
2014-03-01 08:00:00	GUASTALLA	3.3333333333333335
2014-03-01 09:00:00	GUASTALLA	8.7
2014-03-01 10:00:00	GUASTALLA	7.866666666666666
2014-03-01 11:00:00	GUASTALLA	6.233333333333333
2014-03-01 12:00:00	GUASTALLA	2.5
2014-03-01 13:00:00	GUASTALLA	3.3
2014-03-01 14:00:00	GUASTALLA	2.8666666666666667
2014-03-01 15:00:00	GUASTALLA	1.1333333333333333
2014-03-01 16:00:00	GUASTALLA	3.7
2014-03-01 17:00:00	GUASTALLA	0.6333333333333333
2014-03-01 18:00:00	GUASTALLA	0.8666666666666667
2014-03-01 19:00:00	GUASTALLA	0.3333333333333333
2014-03-01 20:00:00	GUASTALLA	0.7
2014-03-01 21:00:00	GUASTALLA	4.0
2014-03-01 22:00:00	GUASTALLA	4.066666666666666
2014-03-01 23:00:00	GUASTALLA	0.9666666666666667
2014-03-02 00:00:00	GUASTALLA	0.06666666666666667
2014-03-02 01:00:00	GUASTALLA	0.3333333333333333
2014-03-02 02:00:00	GUASTALLA	0.8666666666666667
2014-03-02 03:00:00	GUASTALLA	1.2666666666666666
2014-03-02 04:00:00	GUASTALLA	1.9
2014-03-02 05:00:00	GUASTALLA	2.3
2014-03-02 06:00:00	GUASTALLA	3.0
2014-03-02 07:00:00	GUASTALLA	2.7333333333333334
2014-03-02 08:00:00	GUASTALLA	4.1
2014-03-02 09:00:00	GUASTALLA	5.6
2014-03-02 10:00:00	GUASTALLA	7.8
2014-03-02 11:00:00	GUASTALLA	6.4
2014-03-02 12:00:00	GUASTALLA	1.9333333333333333
2014-03-02 13:00:00	GUASTALLA	2.6333333333333333
2014-03-02 14:00:00	GUASTALLA	3.2
2014-03-02 15:00:00	GUASTALLA	2.533333333333333
2014-03-02 16:00:00	GUASTALLA	0.8333333333333334
2014-03-02 17:00:00	GUASTALLA	4.333333333333333
2014-03-02 18:00:00	GUASTALLA	1.3666666666666667
2014-03-02 19:00:00	GUASTALLA	1.3333333333333333
2014-03-02 20:00:00	GUASTALLA	0.3
2014-03-02 21:00:00	GUASTALLA	0.7
2014-03-02 22:00:00	GUASTALLA	0.8
2014-03-02 23:00:00	GUASTALLA	1.0333333333333334
2014-02-24 00:00:00	ISOLA	0.1
2014-02-24 01:00:00	ISOLA	1.5
2014-02-24 02:00:00	ISOLA	1.0
2014-02-24 03:00:00	ISOLA	1.0
2014-02-24 04:00:00	ISOLA	1.0
2014-02-24 05:00:00	ISOLA	1.0
2014-02-24 06:00:00	ISOLA	0.6
2014-02-24 07:00:00	ISOLA	0.26666666666666666
2014-02-24 08:00:00	ISOLA	2.466666666666667
2014-02-24 09:00:00	ISOLA	2.2333333333333334
2014-02-24 10:00:00	ISOLA	3.3666666666666667
2014-02-24 11:00:00	ISOLA	1.2333333333333334
2014-02-24 12:00:00	ISOLA	0.7666666666666667
2014-02-24 13:00:00	ISOLA	2.2666666666666666
2014-02-24 14:00:00	ISOLA	3.033333333333333
2014-02-24 15:00:00	ISOLA	2.8333333333333335
2014-02-24 16:00:00	ISOLA	2.2333333333333334
2014-02-24 17:00:00	ISOLA	1.9
2014-02-24 18:00:00	ISOLA	2.5
2014-02-24 19:00:00	ISOLA	0.7
2014-02-24 20:00:00	ISOLA	0.23333333333333334
2014-02-24 21:00:00	ISOLA	3.2
2014-02-24 22:00:00	ISOLA	1.8666666666666667
2014-02-24 23:00:00	ISOLA	2.566666666666667
2014-02-25 00:00:00	ISOLA	2.2333333333333334
2014-02-25 01:00:00	ISOLA	4.433333333333334
2014-02-25 02:00:00	ISOLA	3.8666666666666667
2014-02-25 03:00:00	ISOLA	2.966666666666667
2014-02-25 04:00:00	ISOLA	3.0
2014-02-25 05:00:00	ISOLA	2.9
2014-02-25 06:00:00	ISOLA	3.9
2014-02-25 07:00:00	ISOLA	2.033333333333333
2014-02-25 08:00:00	ISOLA	1.4333333333333333
2014-02-25 09:00:00	ISOLA	0.6
2014-02-25 10:00:00	ISOLA	2.3333333333333335
2014-02-25 11:00:00	ISOLA	3.1333333333333333
2014-02-25 12:00:00	ISOLA	3.8666666666666667
2014-02-25 13:00:00	ISOLA	3.6333333333333333
2014-02-25 14:00:00	ISOLA	3.8666666666666667
2014-02-25 15:00:00	ISOLA	2.3333333333333335
2014-02-25 16:00:00	ISOLA	1.1333333333333333
2014-02-25 17:00:00	ISOLA	2.433333333333333
2014-02-25 18:00:00	ISOLA	3.1
2014-02-25 19:00:00	ISOLA	1.7666666666666666
2014-02-25 20:00:00	ISOLA	2.6333333333333333
2014-02-25 21:00:00	ISOLA	0.3
2014-02-25 22:00:00	ISOLA	0.7333333333333333
2014-02-26 00:00:00	ISOLA	0.7333333333333333
2014-02-26 01:00:00	ISOLA	1.4
2014-02-26 02:00:00	ISOLA	1.3333333333333333
2014-02-26 03:00:00	ISOLA	2.0
2014-02-26 04:00:00	ISOLA	2.1333333333333333
2014-02-26 05:00:00	ISOLA	2.6
2014-02-26 06:00:00	ISOLA	1.4333333333333333
2014-02-26 07:00:00	ISOLA	2.7333333333333334
2014-02-26 08:00:00	ISOLA	2.966666666666667
2014-02-26 09:00:00	ISOLA	1.5666666666666667
2014-02-26 10:00:00	ISOLA	0.4
2014-02-26 11:00:00	ISOLA	0.9
2014-02-26 12:00:00	ISOLA	0.8666666666666667
2014-02-26 13:00:00	ISOLA	2.6333333333333333
2014-02-26 14:00:00	ISOLA	1.1
2014-02-26 15:00:00	ISOLA	1.4666666666666666
2014-02-26 16:00:00	ISOLA	0.8666666666666667
2014-02-26 17:00:00	ISOLA	0.7
2014-02-26 18:00:00	ISOLA	1.1
2014-02-26 19:00:00	ISOLA	0.8666666666666667
2014-02-26 20:00:00	ISOLA	0.2
2014-02-26 21:00:00	ISOLA	0.9
2014-02-26 22:00:00	ISOLA	0.26666666666666666
2014-02-26 23:00:00	ISOLA	1.8
2014-02-27 00:00:00	ISOLA	0.8333333333333334
2014-02-27 01:00:00	ISOLA	0.3333333333333333
2014-02-27 02:00:00	ISOLA	0.03333333333333333
2014-02-27 03:00:00	ISOLA	1.7333333333333334
2014-02-27 04:00:00	ISOLA	2.0
2014-02-27 05:00:00	ISOLA	1.7
2014-02-27 06:00:00	ISOLA	1.0
2014-02-27 07:00:00	ISOLA	0.5666666666666667
2014-02-27 08:00:00	ISOLA	0.5
2014-02-27 09:00:00	ISOLA	0.5
2014-02-27 10:00:00	ISOLA	1.7666666666666666
2014-02-27 11:00:00	ISOLA	3.533333333333333
2014-02-27 12:00:00	ISOLA	2.533333333333333
2014-02-27 13:00:00	ISOLA	3.1333333333333333
2014-02-27 14:00:00	ISOLA	2.533333333333333
2014-02-27 15:00:00	ISOLA	5.866666666666666
2014-02-27 16:00:00	ISOLA	3.966666666666667
2014-02-27 17:00:00	ISOLA	1.2666666666666666
2014-02-27 18:00:00	ISOLA	2.6
2014-02-27 19:00:00	ISOLA	0.8333333333333334
2014-02-27 20:00:00	ISOLA	2.2
2014-02-27 21:00:00	ISOLA	3.8333333333333335
2014-02-27 22:00:00	ISOLA	4.9
2014-02-27 23:00:00	ISOLA	1.9666666666666666
2014-02-28 00:00:00	ISOLA	0.7666666666666667
2014-02-28 01:00:00	ISOLA	2.933333333333333
2014-02-28 02:00:00	ISOLA	5.833333333333333
2014-02-28 03:00:00	ISOLA	5.233333333333333
2014-02-28 04:00:00	ISOLA	6.333333333333333
2014-02-28 05:00:00	ISOLA	7.0
2014-02-28 06:00:00	ISOLA	6.166666666666667
2014-02-28 07:00:00	ISOLA	4.966666666666667
2014-02-28 08:00:00	ISOLA	1.5666666666666667
2014-02-28 09:00:00	ISOLA	1.1333333333333333
2014-02-28 10:00:00	ISOLA	3.533333333333333
2014-02-28 11:00:00	ISOLA	3.533333333333333
2014-02-28 12:00:00	ISOLA	2.8666666666666667
2014-02-28 13:00:00	ISOLA	3.8333333333333335
2014-02-28 14:00:00	ISOLA	3.3
2014-02-28 15:00:00	ISOLA	1.6333333333333333
2014-02-28 16:00:00	ISOLA	4.366666666666666
2014-02-28 17:00:00	ISOLA	5.9
2014-02-28 18:00:00	ISOLA	8.0
2014-02-28 19:00:00	ISOLA	5.933333333333334
2014-02-28 20:00:00	ISOLA	0.23333333333333334
2014-02-28 21:00:00	ISOLA	1.1
2014-02-28 22:00:00	ISOLA	3.8
2014-02-28 23:00:00	ISOLA	1.4333333333333333
2014-03-01 00:00:00	ISOLA	1.0333333333333334
2014-03-01 01:00:00	ISOLA	2.066666666666667
2014-03-01 02:00:00	ISOLA	1.7666666666666666
2014-03-01 03:00:00	ISOLA	0.9333333333333333
2014-03-01 05:00:00	ISOLA	0.9
2014-03-01 06:00:00	ISOLA	1.3
2014-03-01 07:00:00	ISOLA	1.8666666666666667
2014-03-01 08:00:00	ISOLA	2.433333333333333
2014-03-01 09:00:00	ISOLA	0.3333333333333333
2014-03-01 10:00:00	ISOLA	0.23333333333333334
2014-03-01 11:00:00	ISOLA	1.0666666666666667
2014-03-01 12:00:00	ISOLA	1.8333333333333333
2014-03-01 13:00:00	ISOLA	2.0
2014-03-01 14:00:00	ISOLA	3.1666666666666665
2014-03-01 15:00:00	ISOLA	1.6
2014-03-01 16:00:00	ISOLA	1.2666666666666666
2014-03-01 17:00:00	ISOLA	4.2
2014-03-01 18:00:00	ISOLA	1.7333333333333334
2014-03-01 19:00:00	ISOLA	2.8
2014-03-01 20:00:00	ISOLA	0.7333333333333333
2014-03-01 21:00:00	ISOLA	0.7
2014-03-01 22:00:00	ISOLA	1.6666666666666667
2014-03-01 23:00:00	ISOLA	3.1333333333333333
2014-03-02 00:00:00	ISOLA	1.2333333333333334
2014-03-02 01:00:00	ISOLA	3.0
2014-03-02 02:00:00	ISOLA	1.2
2014-03-02 03:00:00	ISOLA	0.8666666666666667
2014-03-02 04:00:00	ISOLA	1.5
2014-03-02 05:00:00	ISOLA	0.4
2014-03-02 06:00:00	ISOLA	0.4666666666666667
2014-03-02 09:00:00	ISOLA	0.16666666666666666
2014-03-02 11:00:00	ISOLA	0.23333333333333334
2014-03-02 12:00:00	ISOLA	0.5
2014-03-02 13:00:00	ISOLA	1.5
2014-03-02 14:00:00	ISOLA	2.3
2014-03-02 15:00:00	ISOLA	3.533333333333333
2014-03-02 16:00:00	ISOLA	1.8
2014-03-02 17:00:00	ISOLA	0.9666666666666667
2014-03-02 18:00:00	ISOLA	1.3333333333333333
2014-03-02 19:00:00	ISOLA	2.433333333333333
2014-03-02 20:00:00	ISOLA	0.5333333333333333
2014-03-02 21:00:00	ISOLA	0.2
2014-03-02 22:00:00	ISOLA	0.16666666666666666
2014-03-02 23:00:00	ISOLA	1.0333333333333334
2014-02-24 00:00:00	LAMBRATE	3.466666666666667
2014-02-24 01:00:00	LAMBRATE	6.666666666666667
2014-02-24 02:00:00	LAMBRATE	8.0
2014-02-24 03:00:00	LAMBRATE	8.0
2014-02-24 04:00:00	LAMBRATE	8.0
2014-02-24 05:00:00	LAMBRATE	8.0
2014-02-24 06:00:00	LAMBRATE	8.0
2014-02-24 07:00:00	LAMBRATE	6.733333333333333
2014-02-24 08:00:00	LAMBRATE	4.2
2014-02-24 09:00:00	LAMBRATE	3.7333333333333334
2014-02-24 10:00:00	LAMBRATE	3.2333333333333334
2014-02-24 11:00:00	LAMBRATE	3.433333333333333
2014-02-24 12:00:00	LAMBRATE	3.7333333333333334
2014-02-24 13:00:00	LAMBRATE	3.3
2014-02-24 14:00:00	LAMBRATE	2.0
2014-02-24 15:00:00	LAMBRATE	1.4
2014-02-24 16:00:00	LAMBRATE	1.8
2014-02-24 17:00:00	LAMBRATE	2.6
2014-02-24 18:00:00	LAMBRATE	2.6333333333333333
2014-02-24 19:00:00	LAMBRATE	1.6666666666666667
2014-02-24 20:00:00	LAMBRATE	1.6666666666666667
2014-02-24 21:00:00	LAMBRATE	3.1666666666666665
2014-02-24 22:00:00	LAMBRATE	2.0
2014-02-24 23:00:00	LAMBRATE	1.2666666666666666
2014-02-25 00:00:00	LAMBRATE	1.0
2014-02-25 01:00:00	LAMBRATE	1.3666666666666667
2014-02-25 02:00:00	LAMBRATE	3.3333333333333335
2014-02-25 03:00:00	LAMBRATE	3.8666666666666667
2014-02-25 04:00:00	LAMBRATE	4.0
2014-02-25 05:00:00	LAMBRATE	3.8666666666666667
2014-02-25 06:00:00	LAMBRATE	3.3
2014-02-25 07:00:00	LAMBRATE	1.6
2014-02-25 08:00:00	LAMBRATE	1.9333333333333333
2014-02-25 09:00:00	LAMBRATE	0.4666666666666667
2014-02-25 10:00:00	LAMBRATE	2.033333333333333
2014-02-25 11:00:00	LAMBRATE	2.6333333333333333
2014-02-25 12:00:00	LAMBRATE	1.9333333333333333
2014-02-25 13:00:00	LAMBRATE	1.4
2014-02-25 14:00:00	LAMBRATE	0.9666666666666667
2014-02-25 15:00:00	LAMBRATE	2.9
2014-02-25 16:00:00	LAMBRATE	1.1
2014-02-25 17:00:00	LAMBRATE	1.0
2014-02-25 18:00:00	LAMBRATE	0.13333333333333333
2014-02-25 19:00:00	LAMBRATE	0.8333333333333334
2014-02-25 20:00:00	LAMBRATE	3.6
2014-02-25 21:00:00	LAMBRATE	5.733333333333333
2014-02-25 22:00:00	LAMBRATE	5.0
2014-02-25 23:00:00	LAMBRATE	4.233333333333333
2014-02-26 00:00:00	LAMBRATE	4.433333333333334
2014-02-26 01:00:00	LAMBRATE	2.1333333333333333
2014-02-26 02:00:00	LAMBRATE	3.0
2014-02-26 03:00:00	LAMBRATE	3.0
2014-02-26 04:00:00	LAMBRATE	3.0
2014-02-26 05:00:00	LAMBRATE	3.0
2014-02-26 06:00:00	LAMBRATE	3.033333333333333
2014-02-26 07:00:00	LAMBRATE	2.433333333333333
2014-02-26 08:00:00	LAMBRATE	3.3666666666666667
2014-02-26 09:00:00	LAMBRATE	2.7333333333333334
2014-02-26 10:00:00	LAMBRATE	3.0
2014-02-26 11:00:00	LAMBRATE	2.6666666666666665
2014-02-26 12:00:00	LAMBRATE	1.2333333333333334
2014-02-26 13:00:00	LAMBRATE	1.0
2014-02-26 14:00:00	LAMBRATE	1.0
2014-02-26 15:00:00	LAMBRATE	1.0
2014-02-26 16:00:00	LAMBRATE	1.3666666666666667
2014-02-26 17:00:00	LAMBRATE	1.0333333333333334
2014-02-26 18:00:00	LAMBRATE	0.5666666666666667
2014-02-26 19:00:00	LAMBRATE	0.3
2014-02-26 20:00:00	LAMBRATE	1.1333333333333333
2014-02-26 21:00:00	LAMBRATE	3.4
2014-02-26 22:00:00	LAMBRATE	4.3
2014-02-26 23:00:00	LAMBRATE	5.4
2014-02-27 00:00:00	LAMBRATE	4.166666666666667
2014-02-27 01:00:00	LAMBRATE	4.766666666666667
2014-02-27 02:00:00	LAMBRATE	6.5
2014-02-27 03:00:00	LAMBRATE	6.9
2014-02-27 04:00:00	LAMBRATE	6.933333333333334
2014-02-27 05:00:00	LAMBRATE	7.0
2014-02-27 06:00:00	LAMBRATE	6.166666666666667
2014-02-27 07:00:00	LAMBRATE	5.9
2014-02-27 08:00:00	LAMBRATE	3.6333333333333333
2014-02-27 09:00:00	LAMBRATE	2.1
2014-02-27 10:00:00	LAMBRATE	2.7
2014-02-27 11:00:00	LAMBRATE	3.0
2014-02-27 12:00:00	LAMBRATE	3.8333333333333335
2014-02-27 13:00:00	LAMBRATE	2.533333333333333
2014-02-27 14:00:00	LAMBRATE	1.5666666666666667
2014-02-27 15:00:00	LAMBRATE	3.566666666666667
2014-02-27 16:00:00	LAMBRATE	2.966666666666667
2014-02-27 17:00:00	LAMBRATE	1.3333333333333333
2014-02-27 18:00:00	LAMBRATE	2.7666666666666666
2014-02-27 19:00:00	LAMBRATE	2.8
2014-02-27 20:00:00	LAMBRATE	3.1333333333333333
2014-02-27 21:00:00	LAMBRATE	3.566666666666667
2014-02-27 22:00:00	LAMBRATE	3.8666666666666667
2014-02-27 23:00:00	LAMBRATE	4.666666666666667
2014-02-28 00:00:00	LAMBRATE	3.8
2014-02-28 01:00:00	LAMBRATE	2.9
2014-02-28 02:00:00	LAMBRATE	2.066666666666667
2014-02-28 03:00:00	LAMBRATE	2.0
2014-02-28 04:00:00	LAMBRATE	2.0
2014-02-28 05:00:00	LAMBRATE	2.0
2014-02-28 06:00:00	LAMBRATE	1.5666666666666667
2014-02-28 07:00:00	LAMBRATE	1.0
2014-02-28 08:00:00	LAMBRATE	0.6
2014-02-28 09:00:00	LAMBRATE	1.2
2014-02-28 10:00:00	LAMBRATE	0.5333333333333333
2014-02-28 11:00:00	LAMBRATE	0.8666666666666667
2014-02-28 12:00:00	LAMBRATE	1.0333333333333334
2014-02-28 13:00:00	LAMBRATE	0.36666666666666664
2014-02-28 14:00:00	LAMBRATE	0.36666666666666664
2014-02-28 17:00:00	LAMBRATE	0.9
2014-02-28 18:00:00	LAMBRATE	0.9666666666666667
2014-02-28 19:00:00	LAMBRATE	1.0
2014-02-28 20:00:00	LAMBRATE	2.3
2014-02-28 21:00:00	LAMBRATE	3.6
2014-02-28 22:00:00	LAMBRATE	2.966666666666667
2014-02-28 23:00:00	LAMBRATE	3.8
2014-03-01 00:00:00	LAMBRATE	2.433333333333333
2014-03-01 01:00:00	LAMBRATE	2.5
2014-03-01 02:00:00	LAMBRATE	2.3
2014-03-01 03:00:00	LAMBRATE	2.6
2014-03-01 04:00:00	LAMBRATE	4.0
2014-03-01 05:00:00	LAMBRATE	4.0
2014-03-01 06:00:00	LAMBRATE	4.0
2014-03-01 07:00:00	LAMBRATE	3.6666666666666665
2014-03-01 08:00:00	LAMBRATE	3.0
2014-03-01 09:00:00	LAMBRATE	2.8666666666666667
2014-03-01 10:00:00	LAMBRATE	1.5333333333333334
2014-03-01 11:00:00	LAMBRATE	1.0
2014-03-01 12:00:00	LAMBRATE	0.5666666666666667
2014-03-01 14:00:00	LAMBRATE	0.7666666666666667
2014-03-01 15:00:00	LAMBRATE	1.6
2014-03-01 16:00:00	LAMBRATE	2.0
2014-03-01 17:00:00	LAMBRATE	2.5
2014-03-01 18:00:00	LAMBRATE	4.233333333333333
2014-03-01 19:00:00	LAMBRATE	2.7666666666666666
2014-03-01 20:00:00	LAMBRATE	1.2333333333333334
2014-03-01 21:00:00	LAMBRATE	2.3666666666666667
2014-03-01 22:00:00	LAMBRATE	3.6333333333333333
2014-03-01 23:00:00	LAMBRATE	1.7333333333333334
2014-03-02 00:00:00	LAMBRATE	0.6333333333333333
2014-03-02 01:00:00	LAMBRATE	1.0
2014-03-02 02:00:00	LAMBRATE	2.3666666666666667
2014-03-02 03:00:00	LAMBRATE	3.3
2014-03-02 04:00:00	LAMBRATE	4.533333333333333
2014-03-02 05:00:00	LAMBRATE	5.2
2014-03-02 06:00:00	LAMBRATE	5.033333333333333
2014-03-02 07:00:00	LAMBRATE	4.666666666666667
2014-03-02 08:00:00	LAMBRATE	4.8
2014-03-02 09:00:00	LAMBRATE	3.6333333333333333
2014-03-02 10:00:00	LAMBRATE	3.2666666666666666
2014-03-02 11:00:00	LAMBRATE	3.0
2014-03-02 12:00:00	LAMBRATE	2.8666666666666667
2014-03-02 13:00:00	LAMBRATE	1.5666666666666667
2014-03-02 14:00:00	LAMBRATE	2.6333333333333333
2014-03-02 15:00:00	LAMBRATE	2.6
2014-03-02 16:00:00	LAMBRATE	3.0
2014-03-02 17:00:00	LAMBRATE	0.9
2014-03-02 18:00:00	LAMBRATE	1.8333333333333333
2014-03-02 19:00:00	LAMBRATE	1.9333333333333333
2014-03-02 20:00:00	LAMBRATE	0.5
2014-03-02 21:00:00	LAMBRATE	1.0666666666666667
2014-03-02 22:00:00	LAMBRATE	1.0
2014-03-02 23:00:00	LAMBRATE	1.5
2014-02-24 00:00:00	LODI - CORVETTO	11.266666666666667
2014-02-24 01:00:00	LODI - CORVETTO	11.733333333333333
2014-02-24 02:00:00	LODI - CORVETTO	12.6
2014-02-24 03:00:00	LODI - CORVETTO	12.5
2014-02-24 04:00:00	LODI - CORVETTO	11.466666666666667
2014-02-24 05:00:00	LODI - CORVETTO	11.166666666666666
2014-02-24 06:00:00	LODI - CORVETTO	11.7
2014-02-24 07:00:00	LODI - CORVETTO	10.9
2014-02-24 08:00:00	LODI - CORVETTO	10.8
2014-02-24 09:00:00	LODI - CORVETTO	6.233333333333333
2014-02-24 10:00:00	LODI - CORVETTO	3.1
2014-02-24 11:00:00	LODI - CORVETTO	4.433333333333334
2014-02-24 12:00:00	LODI - CORVETTO	3.9
2014-02-24 13:00:00	LODI - CORVETTO	1.1
2014-02-24 14:00:00	LODI - CORVETTO	1.1666666666666667
2014-02-24 15:00:00	LODI - CORVETTO	2.2333333333333334
2014-02-24 16:00:00	LODI - CORVETTO	2.3333333333333335
2014-02-24 17:00:00	LODI - CORVETTO	4.266666666666667
2014-02-24 18:00:00	LODI - CORVETTO	4.666666666666667
2014-02-24 19:00:00	LODI - CORVETTO	6.0
2014-02-24 20:00:00	LODI - CORVETTO	8.833333333333334
2014-02-24 21:00:00	LODI - CORVETTO	6.266666666666667
2014-02-24 22:00:00	LODI - CORVETTO	2.9
2014-02-24 23:00:00	LODI - CORVETTO	3.533333333333333
2014-02-25 00:00:00	LODI - CORVETTO	7.8
2014-02-25 01:00:00	LODI - CORVETTO	9.5
2014-02-25 02:00:00	LODI - CORVETTO	11.6
2014-02-25 03:00:00	LODI - CORVETTO	12.566666666666666
2014-02-25 04:00:00	LODI - CORVETTO	13.0
2014-02-25 05:00:00	LODI - CORVETTO	12.566666666666666
2014-02-25 06:00:00	LODI - CORVETTO	12.433333333333334
2014-02-25 07:00:00	LODI - CORVETTO	10.4
2014-02-25 08:00:00	LODI - CORVETTO	8.633333333333333
2014-02-25 09:00:00	LODI - CORVETTO	4.1
2014-02-25 10:00:00	LODI - CORVETTO	3.6333333333333333
2014-02-25 11:00:00	LODI - CORVETTO	4.1
2014-02-25 12:00:00	LODI - CORVETTO	4.333333333333333
2014-02-25 13:00:00	LODI - CORVETTO	4.466666666666667
2014-02-25 14:00:00	LODI - CORVETTO	5.533333333333333
2014-02-25 15:00:00	LODI - CORVETTO	4.133333333333334
2014-02-25 16:00:00	LODI - CORVETTO	2.9
2014-02-25 17:00:00	LODI - CORVETTO	2.2666666666666666
2014-02-25 18:00:00	LODI - CORVETTO	3.066666666666667
2014-02-25 19:00:00	LODI - CORVETTO	4.4
2014-02-25 20:00:00	LODI - CORVETTO	2.0
2014-02-25 21:00:00	LODI - CORVETTO	2.2
2014-02-25 22:00:00	LODI - CORVETTO	2.533333333333333
2014-02-25 23:00:00	LODI - CORVETTO	2.8333333333333335
2014-02-26 00:00:00	LODI - CORVETTO	5.166666666666667
2014-02-26 01:00:00	LODI - CORVETTO	6.333333333333333
2014-02-26 02:00:00	LODI - CORVETTO	7.666666666666667
2014-02-26 03:00:00	LODI - CORVETTO	9.633333333333333
2014-02-26 04:00:00	LODI - CORVETTO	10.1
2014-02-26 05:00:00	LODI - CORVETTO	11.0
2014-02-26 06:00:00	LODI - CORVETTO	10.133333333333333
2014-02-26 07:00:00	LODI - CORVETTO	6.1
2014-02-26 08:00:00	LODI - CORVETTO	2.466666666666667
2014-02-26 09:00:00	LODI - CORVETTO	3.1
2014-02-26 10:00:00	LODI - CORVETTO	1.2666666666666666
2014-02-26 11:00:00	LODI - CORVETTO	1.4
2014-02-26 12:00:00	LODI - CORVETTO	0.16666666666666666
2014-02-26 13:00:00	LODI - CORVETTO	0.43333333333333335
2014-02-26 14:00:00	LODI - CORVETTO	0.2
2014-02-26 15:00:00	LODI - CORVETTO	2.2
2014-02-26 16:00:00	LODI - CORVETTO	4.366666666666666
2014-02-26 17:00:00	LODI - CORVETTO	5.7
2014-02-26 18:00:00	LODI - CORVETTO	3.6333333333333333
2014-02-26 19:00:00	LODI - CORVETTO	4.066666666666666
2014-02-26 20:00:00	LODI - CORVETTO	0.3
2014-02-26 22:00:00	LODI - CORVETTO	0.4
2014-02-26 23:00:00	LODI - CORVETTO	2.533333333333333
2014-02-27 00:00:00	LODI - CORVETTO	4.533333333333333
2014-02-27 01:00:00	LODI - CORVETTO	4.733333333333333
2014-02-27 02:00:00	LODI - CORVETTO	5.966666666666667
2014-02-27 03:00:00	LODI - CORVETTO	6.366666666666666
2014-02-27 04:00:00	LODI - CORVETTO	6.833333333333333
2014-02-27 05:00:00	LODI - CORVETTO	6.9
2014-02-27 06:00:00	LODI - CORVETTO	5.566666666666666
2014-02-27 07:00:00	LODI - CORVETTO	4.133333333333334
2014-02-27 08:00:00	LODI - CORVETTO	3.433333333333333
2014-02-27 09:00:00	LODI - CORVETTO	4.666666666666667
2014-02-27 10:00:00	LODI - CORVETTO	5.133333333333334
2014-02-27 11:00:00	LODI - CORVETTO	3.0
2014-02-27 12:00:00	LODI - CORVETTO	3.2666666666666666
2014-02-27 13:00:00	LODI - CORVETTO	3.2333333333333334
2014-02-27 14:00:00	LODI - CORVETTO	2.7666666666666666
2014-02-27 15:00:00	LODI - CORVETTO	3.6
2014-02-27 16:00:00	LODI - CORVETTO	4.433333333333334
2014-02-27 17:00:00	LODI - CORVETTO	5.933333333333334
2014-02-27 18:00:00	LODI - CORVETTO	5.433333333333334
2014-02-27 19:00:00	LODI - CORVETTO	3.566666666666667
2014-02-27 20:00:00	LODI - CORVETTO	1.5
2014-02-27 21:00:00	LODI - CORVETTO	0.8
2014-02-27 22:00:00	LODI - CORVETTO	1.2
2014-02-27 23:00:00	LODI - CORVETTO	1.8333333333333333
2014-02-28 00:00:00	LODI - CORVETTO	1.4666666666666666
2014-02-28 01:00:00	LODI - CORVETTO	4.2
2014-02-28 02:00:00	LODI - CORVETTO	6.033333333333333
2014-02-28 03:00:00	LODI - CORVETTO	7.933333333333334
2014-02-28 04:00:00	LODI - CORVETTO	9.0
2014-02-28 05:00:00	LODI - CORVETTO	9.533333333333333
2014-02-28 06:00:00	LODI - CORVETTO	8.0
2014-02-28 07:00:00	LODI - CORVETTO	6.033333333333333
2014-02-28 08:00:00	LODI - CORVETTO	3.0
2014-02-28 09:00:00	LODI - CORVETTO	2.033333333333333
2014-02-28 10:00:00	LODI - CORVETTO	0.9333333333333333
2014-02-28 11:00:00	LODI - CORVETTO	0.23333333333333334
2014-02-28 12:00:00	LODI - CORVETTO	0.7
2014-02-28 13:00:00	LODI - CORVETTO	0.8666666666666667
2014-02-28 14:00:00	LODI - CORVETTO	2.433333333333333
2014-02-28 15:00:00	LODI - CORVETTO	1.4666666666666666
2014-02-28 16:00:00	LODI - CORVETTO	3.1
2014-02-28 17:00:00	LODI - CORVETTO	4.233333333333333
2014-02-28 18:00:00	LODI - CORVETTO	4.566666666666666
2014-02-28 19:00:00	LODI - CORVETTO	3.6333333333333333
2014-02-28 20:00:00	LODI - CORVETTO	1.2666666666666666
2014-02-28 21:00:00	LODI - CORVETTO	1.3333333333333333
2014-02-28 22:00:00	LODI - CORVETTO	1.0
2014-02-28 23:00:00	LODI - CORVETTO	2.066666666666667
2014-03-01 00:00:00	LODI - CORVETTO	2.7333333333333334
2014-03-01 01:00:00	LODI - CORVETTO	3.933333333333333
2014-03-01 02:00:00	LODI - CORVETTO	6.2
2014-03-01 03:00:00	LODI - CORVETTO	10.1
2014-03-01 04:00:00	LODI - CORVETTO	12.966666666666667
2014-03-01 05:00:00	LODI - CORVETTO	14.766666666666667
2014-03-01 06:00:00	LODI - CORVETTO	13.533333333333333
2014-03-01 07:00:00	LODI - CORVETTO	13.3
2014-03-01 08:00:00	LODI - CORVETTO	12.533333333333333
2014-03-01 09:00:00	LODI - CORVETTO	9.0
2014-03-01 10:00:00	LODI - CORVETTO	6.033333333333333
2014-03-01 11:00:00	LODI - CORVETTO	3.7666666666666666
2014-03-01 12:00:00	LODI - CORVETTO	4.8
2014-03-01 13:00:00	LODI - CORVETTO	4.866666666666666
2014-03-01 14:00:00	LODI - CORVETTO	6.233333333333333
2014-03-01 15:00:00	LODI - CORVETTO	6.266666666666667
2014-03-01 16:00:00	LODI - CORVETTO	6.7
2014-03-01 17:00:00	LODI - CORVETTO	3.966666666666667
2014-03-01 18:00:00	LODI - CORVETTO	1.7333333333333334
2014-03-01 19:00:00	LODI - CORVETTO	2.7666666666666666
2014-03-01 20:00:00	LODI - CORVETTO	2.3
2014-03-01 21:00:00	LODI - CORVETTO	3.3666666666666667
2014-03-01 22:00:00	LODI - CORVETTO	3.2666666666666666
2014-03-01 23:00:00	LODI - CORVETTO	1.7666666666666666
2014-03-02 00:00:00	LODI - CORVETTO	2.7333333333333334
2014-03-02 01:00:00	LODI - CORVETTO	4.6
2014-03-02 02:00:00	LODI - CORVETTO	7.366666666666666
2014-03-02 03:00:00	LODI - CORVETTO	7.2
2014-03-02 04:00:00	LODI - CORVETTO	9.4
2014-03-02 05:00:00	LODI - CORVETTO	8.133333333333333
2014-03-02 06:00:00	LODI - CORVETTO	9.833333333333334
2014-03-02 07:00:00	LODI - CORVETTO	10.0
2014-03-02 08:00:00	LODI - CORVETTO	9.5
2014-03-02 09:00:00	LODI - CORVETTO	7.666666666666667
2014-03-02 10:00:00	LODI - CORVETTO	7.233333333333333
2014-03-02 11:00:00	LODI - CORVETTO	6.033333333333333
2014-03-02 12:00:00	LODI - CORVETTO	4.533333333333333
2014-03-02 13:00:00	LODI - CORVETTO	2.433333333333333
2014-03-02 14:00:00	LODI - CORVETTO	1.0666666666666667
2014-03-02 15:00:00	LODI - CORVETTO	1.6
2014-03-02 16:00:00	LODI - CORVETTO	1.0666666666666667
2014-03-02 17:00:00	LODI - CORVETTO	2.8333333333333335
2014-03-02 18:00:00	LODI - CORVETTO	3.6666666666666665
2014-03-02 19:00:00	LODI - CORVETTO	5.166666666666667
2014-03-02 20:00:00	LODI - CORVETTO	4.4
2014-03-02 21:00:00	LODI - CORVETTO	4.366666666666666
2014-03-02 22:00:00	LODI - CORVETTO	5.833333333333333
2014-03-02 23:00:00	LODI - CORVETTO	6.7
2014-02-24 00:00:00	LORENTEGGIO	6.233333333333333
2014-02-24 01:00:00	LORENTEGGIO	7.0
2014-02-24 02:00:00	LORENTEGGIO	7.466666666666667
2014-02-24 03:00:00	LORENTEGGIO	8.0
2014-02-24 04:00:00	LORENTEGGIO	8.0
2014-02-24 05:00:00	LORENTEGGIO	8.0
2014-02-24 06:00:00	LORENTEGGIO	8.0
2014-02-24 07:00:00	LORENTEGGIO	8.0
2014-02-24 08:00:00	LORENTEGGIO	8.533333333333333
2014-02-24 09:00:00	LORENTEGGIO	8.8
2014-02-24 10:00:00	LORENTEGGIO	8.9
2014-02-24 11:00:00	LORENTEGGIO	9.066666666666666
2014-02-24 12:00:00	LORENTEGGIO	9.333333333333334
2014-02-24 13:00:00	LORENTEGGIO	10.0
2014-02-24 14:00:00	LORENTEGGIO	9.5
2014-02-24 15:00:00	LORENTEGGIO	8.5
2014-02-24 16:00:00	LORENTEGGIO	8.766666666666667
2014-02-24 17:00:00	LORENTEGGIO	7.1
2014-02-24 18:00:00	LORENTEGGIO	4.666666666666667
2014-02-24 19:00:00	LORENTEGGIO	2.6666666666666665
2014-02-24 20:00:00	LORENTEGGIO	3.066666666666667
2014-02-24 21:00:00	LORENTEGGIO	1.8
2014-02-24 22:00:00	LORENTEGGIO	0.5333333333333333
2014-02-24 23:00:00	LORENTEGGIO	0.8
2014-02-25 00:00:00	LORENTEGGIO	1.0333333333333334
2014-02-25 01:00:00	LORENTEGGIO	2.0
2014-02-25 02:00:00	LORENTEGGIO	2.6333333333333333
2014-02-25 03:00:00	LORENTEGGIO	3.0
2014-02-25 04:00:00	LORENTEGGIO	3.0
2014-02-25 05:00:00	LORENTEGGIO	2.9
2014-02-25 06:00:00	LORENTEGGIO	2.466666666666667
2014-02-25 07:00:00	LORENTEGGIO	2.0
2014-02-25 08:00:00	LORENTEGGIO	3.1333333333333333
2014-02-25 09:00:00	LORENTEGGIO	5.333333333333333
2014-02-25 10:00:00	LORENTEGGIO	6.7
2014-02-25 11:00:00	LORENTEGGIO	6.7
2014-02-25 12:00:00	LORENTEGGIO	5.333333333333333
2014-02-25 13:00:00	LORENTEGGIO	5.0
2014-02-25 14:00:00	LORENTEGGIO	6.0
2014-02-25 15:00:00	LORENTEGGIO	6.333333333333333
2014-02-25 16:00:00	LORENTEGGIO	6.466666666666667
2014-02-25 17:00:00	LORENTEGGIO	7.2
2014-02-25 18:00:00	LORENTEGGIO	7.233333333333333
2014-02-25 19:00:00	LORENTEGGIO	4.5
2014-02-25 20:00:00	LORENTEGGIO	5.533333333333333
2014-02-25 21:00:00	LORENTEGGIO	4.566666666666666
2014-02-25 22:00:00	LORENTEGGIO	4.166666666666667
2014-02-25 23:00:00	LORENTEGGIO	4.933333333333334
2014-02-26 00:00:00	LORENTEGGIO	5.0
2014-02-26 01:00:00	LORENTEGGIO	4.4
2014-02-26 02:00:00	LORENTEGGIO	5.333333333333333
2014-02-26 03:00:00	LORENTEGGIO	6.0
2014-02-26 04:00:00	LORENTEGGIO	6.0
2014-02-26 05:00:00	LORENTEGGIO	6.0
2014-02-26 06:00:00	LORENTEGGIO	5.433333333333334
2014-02-26 07:00:00	LORENTEGGIO	4.833333333333333
2014-02-26 08:00:00	LORENTEGGIO	4.366666666666666
2014-02-26 09:00:00	LORENTEGGIO	5.666666666666667
2014-02-26 10:00:00	LORENTEGGIO	7.0
2014-02-26 11:00:00	LORENTEGGIO	7.066666666666666
2014-02-26 12:00:00	LORENTEGGIO	7.766666666666667
2014-02-26 13:00:00	LORENTEGGIO	7.4
2014-02-26 14:00:00	LORENTEGGIO	7.0
2014-02-26 15:00:00	LORENTEGGIO	6.833333333333333
2014-02-26 16:00:00	LORENTEGGIO	6.6
2014-02-26 17:00:00	LORENTEGGIO	7.933333333333334
2014-02-26 18:00:00	LORENTEGGIO	6.433333333333334
2014-02-26 19:00:00	LORENTEGGIO	3.6666666666666665
2014-02-26 20:00:00	LORENTEGGIO	2.2666666666666666
2014-02-26 21:00:00	LORENTEGGIO	2.3333333333333335
2014-02-26 22:00:00	LORENTEGGIO	3.033333333333333
2014-02-26 23:00:00	LORENTEGGIO	3.0
2014-02-27 00:00:00	LORENTEGGIO	3.466666666666667
2014-02-27 01:00:00	LORENTEGGIO	5.0
2014-02-27 02:00:00	LORENTEGGIO	5.0
2014-02-27 03:00:00	LORENTEGGIO	4.033333333333333
2014-02-27 04:00:00	LORENTEGGIO	4.0
2014-02-27 05:00:00	LORENTEGGIO	3.7
2014-02-27 06:00:00	LORENTEGGIO	3.0
2014-02-27 07:00:00	LORENTEGGIO	1.9666666666666666
2014-02-27 08:00:00	LORENTEGGIO	1.0
2014-02-27 09:00:00	LORENTEGGIO	2.433333333333333
2014-02-27 10:00:00	LORENTEGGIO	3.2666666666666666
2014-02-27 11:00:00	LORENTEGGIO	5.0
2014-02-27 12:00:00	LORENTEGGIO	2.566666666666667
2014-02-27 13:00:00	LORENTEGGIO	1.0
2014-02-27 14:00:00	LORENTEGGIO	0.7333333333333333
2014-02-27 15:00:00	LORENTEGGIO	1.0666666666666667
2014-02-27 16:00:00	LORENTEGGIO	1.0
2014-02-27 17:00:00	LORENTEGGIO	0.16666666666666666
2014-02-27 18:00:00	LORENTEGGIO	1.0
2014-02-27 19:00:00	LORENTEGGIO	0.7666666666666667
2014-02-27 20:00:00	LORENTEGGIO	2.7666666666666666
2014-02-27 21:00:00	LORENTEGGIO	5.466666666666667
2014-02-27 22:00:00	LORENTEGGIO	5.1
2014-02-27 23:00:00	LORENTEGGIO	3.5
2014-02-28 00:00:00	LORENTEGGIO	3.1333333333333333
2014-02-28 01:00:00	LORENTEGGIO	2.9
2014-02-28 02:00:00	LORENTEGGIO	3.0
2014-02-28 03:00:00	LORENTEGGIO	3.0
2014-02-28 04:00:00	LORENTEGGIO	3.6666666666666665
2014-02-28 05:00:00	LORENTEGGIO	3.966666666666667
2014-02-28 06:00:00	LORENTEGGIO	2.5
2014-02-28 07:00:00	LORENTEGGIO	2.0
2014-02-28 08:00:00	LORENTEGGIO	3.1
2014-02-28 09:00:00	LORENTEGGIO	3.6333333333333333
2014-02-28 10:00:00	LORENTEGGIO	2.566666666666667
2014-02-28 11:00:00	LORENTEGGIO	2.433333333333333
2014-02-28 12:00:00	LORENTEGGIO	2.066666666666667
2014-02-28 13:00:00	LORENTEGGIO	1.6666666666666667
2014-02-28 14:00:00	LORENTEGGIO	1.0
2014-02-28 15:00:00	LORENTEGGIO	0.9
2014-02-28 16:00:00	LORENTEGGIO	2.6333333333333333
2014-02-28 17:00:00	LORENTEGGIO	2.9
2014-02-28 18:00:00	LORENTEGGIO	2.3333333333333335
2014-02-28 19:00:00	LORENTEGGIO	0.8
2014-02-28 20:00:00	LORENTEGGIO	0.3333333333333333
2014-02-28 22:00:00	LORENTEGGIO	1.3666666666666667
2014-03-01 01:00:00	LORENTEGGIO	2.3333333333333335
2014-03-01 02:00:00	LORENTEGGIO	1.8666666666666667
2014-03-01 03:00:00	LORENTEGGIO	3.7666666666666666
2014-03-01 04:00:00	LORENTEGGIO	6.0
2014-03-01 05:00:00	LORENTEGGIO	6.0
2014-03-01 06:00:00	LORENTEGGIO	6.0
2014-03-01 07:00:00	LORENTEGGIO	5.433333333333334
2014-03-01 08:00:00	LORENTEGGIO	6.3
2014-03-01 09:00:00	LORENTEGGIO	5.266666666666667
2014-03-01 10:00:00	LORENTEGGIO	3.7
2014-03-01 11:00:00	LORENTEGGIO	4.533333333333333
2014-03-01 12:00:00	LORENTEGGIO	3.2333333333333334
2014-03-01 13:00:00	LORENTEGGIO	3.2
2014-03-01 14:00:00	LORENTEGGIO	3.7666666666666666
2014-03-01 15:00:00	LORENTEGGIO	3.6666666666666665
2014-03-01 16:00:00	LORENTEGGIO	3.8
2014-03-01 17:00:00	LORENTEGGIO	3.2
2014-03-01 18:00:00	LORENTEGGIO	3.8
2014-03-01 19:00:00	LORENTEGGIO	3.2
2014-03-01 20:00:00	LORENTEGGIO	0.8666666666666667
2014-03-01 21:00:00	LORENTEGGIO	0.8
2014-03-01 22:00:00	LORENTEGGIO	1.8
2014-03-01 23:00:00	LORENTEGGIO	2.033333333333333
2014-03-02 00:00:00	LORENTEGGIO	2.3666666666666667
2014-03-02 01:00:00	LORENTEGGIO	3.0
2014-03-02 02:00:00	LORENTEGGIO	3.2666666666666666
2014-03-02 03:00:00	LORENTEGGIO	4.7
2014-03-02 04:00:00	LORENTEGGIO	6.7
2014-03-02 05:00:00	LORENTEGGIO	6.133333333333334
2014-03-02 06:00:00	LORENTEGGIO	7.166666666666667
2014-03-02 07:00:00	LORENTEGGIO	7.0
2014-03-02 08:00:00	LORENTEGGIO	7.066666666666666
2014-03-02 09:00:00	LORENTEGGIO	7.8
2014-03-02 10:00:00	LORENTEGGIO	5.866666666666666
2014-03-02 11:00:00	LORENTEGGIO	4.7
2014-03-02 12:00:00	LORENTEGGIO	3.1333333333333333
2014-03-02 13:00:00	LORENTEGGIO	3.0
2014-03-02 14:00:00	LORENTEGGIO	3.0
2014-03-02 15:00:00	LORENTEGGIO	3.7333333333333334
2014-03-02 16:00:00	LORENTEGGIO	3.3
2014-03-02 17:00:00	LORENTEGGIO	3.0
2014-03-02 18:00:00	LORENTEGGIO	2.3
2014-03-02 19:00:00	LORENTEGGIO	1.0
2014-03-02 20:00:00	LORENTEGGIO	2.4
2014-03-02 21:00:00	LORENTEGGIO	4.233333333333333
2014-03-02 22:00:00	LORENTEGGIO	5.0
2014-03-02 23:00:00	LORENTEGGIO	5.1
2014-02-24 00:00:00	LORETO	5.366666666666666
2014-02-24 01:00:00	LORETO	9.7
2014-02-24 02:00:00	LORETO	8.9
2014-02-24 03:00:00	LORETO	9.9
2014-02-24 04:00:00	LORETO	8.766666666666667
2014-02-24 05:00:00	LORETO	9.533333333333333
2014-02-24 06:00:00	LORETO	8.766666666666667
2014-02-24 07:00:00	LORETO	8.0
2014-02-24 08:00:00	LORETO	5.8
2014-02-24 09:00:00	LORETO	4.433333333333334
2014-02-24 10:00:00	LORETO	2.433333333333333
2014-02-24 11:00:00	LORETO	1.7333333333333334
2014-02-24 12:00:00	LORETO	4.033333333333333
2014-02-24 13:00:00	LORETO	5.9
2014-02-24 14:00:00	LORETO	3.5
2014-02-24 15:00:00	LORETO	2.8333333333333335
2014-02-24 16:00:00	LORETO	0.06666666666666667
2014-02-24 17:00:00	LORETO	1.0
2014-02-24 18:00:00	LORETO	3.2
2014-02-24 19:00:00	LORETO	4.066666666666666
2014-02-24 20:00:00	LORETO	5.766666666666667
2014-02-24 21:00:00	LORETO	4.533333333333333
2014-02-24 22:00:00	LORETO	2.4
2014-02-24 23:00:00	LORETO	1.7333333333333334
2014-02-25 00:00:00	LORETO	2.433333333333333
2014-02-25 01:00:00	LORETO	1.9333333333333333
2014-02-25 02:00:00	LORETO	1.9333333333333333
2014-02-25 03:00:00	LORETO	1.7666666666666666
2014-02-25 04:00:00	LORETO	1.5333333333333334
2014-02-25 05:00:00	LORETO	1.9333333333333333
2014-02-25 06:00:00	LORETO	1.9666666666666666
2014-02-25 07:00:00	LORETO	0.9666666666666667
2014-02-25 08:00:00	LORETO	0.5333333333333333
2014-02-25 09:00:00	LORETO	0.4
2014-02-25 10:00:00	LORETO	2.6333333333333333
2014-02-25 11:00:00	LORETO	3.533333333333333
2014-02-25 12:00:00	LORETO	3.7666666666666666
2014-02-25 13:00:00	LORETO	3.9
2014-02-25 14:00:00	LORETO	3.5
2014-02-25 15:00:00	LORETO	2.6333333333333333
2014-02-25 16:00:00	LORETO	4.5
2014-02-25 17:00:00	LORETO	5.2
2014-02-25 18:00:00	LORETO	2.7333333333333334
2014-02-25 19:00:00	LORETO	3.3
2014-02-25 20:00:00	LORETO	0.6
2014-02-25 21:00:00	LORETO	1.0
2014-02-25 22:00:00	LORETO	5.6
2014-02-25 23:00:00	LORETO	5.766666666666667
2014-02-26 00:00:00	LORETO	5.8
2014-02-26 01:00:00	LORETO	8.033333333333333
2014-02-26 02:00:00	LORETO	10.8
2014-02-26 03:00:00	LORETO	10.733333333333333
2014-02-26 04:00:00	LORETO	9.6
2014-02-26 05:00:00	LORETO	7.866666666666666
2014-02-26 06:00:00	LORETO	6.866666666666666
2014-02-26 07:00:00	LORETO	4.7
2014-02-26 08:00:00	LORETO	1.2666666666666666
2014-02-26 09:00:00	LORETO	0.26666666666666666
2014-02-26 10:00:00	LORETO	1.6
2014-02-26 11:00:00	LORETO	3.1666666666666665
2014-02-26 12:00:00	LORETO	2.966666666666667
2014-02-26 13:00:00	LORETO	4.333333333333333
2014-02-26 14:00:00	LORETO	2.6
2014-02-26 15:00:00	LORETO	1.0333333333333334
2014-02-26 16:00:00	LORETO	2.433333333333333
2014-02-26 17:00:00	LORETO	1.5
2014-02-26 18:00:00	LORETO	0.6666666666666666
2014-02-26 19:00:00	LORETO	1.4666666666666666
2014-02-26 20:00:00	LORETO	0.9333333333333333
2014-02-26 21:00:00	LORETO	2.8
2014-02-26 22:00:00	LORETO	4.666666666666667
2014-02-26 23:00:00	LORETO	6.2
2014-02-27 00:00:00	LORETO	6.666666666666667
2014-02-27 01:00:00	LORETO	8.7
2014-02-27 02:00:00	LORETO	10.3
2014-02-27 03:00:00	LORETO	9.666666666666666
2014-02-27 04:00:00	LORETO	8.133333333333333
2014-02-27 05:00:00	LORETO	9.766666666666667
2014-02-27 06:00:00	LORETO	9.0
2014-02-27 07:00:00	LORETO	7.566666666666666
2014-02-27 08:00:00	LORETO	6.366666666666666
2014-02-27 09:00:00	LORETO	5.7
2014-02-27 10:00:00	LORETO	2.2333333333333334
2014-02-27 11:00:00	LORETO	2.3666666666666667
2014-02-27 12:00:00	LORETO	1.5
2014-02-27 13:00:00	LORETO	1.6666666666666667
2014-02-27 14:00:00	LORETO	0.4
2014-02-27 15:00:00	LORETO	0.23333333333333334
2014-02-27 16:00:00	LORETO	3.066666666666667
2014-02-27 17:00:00	LORETO	4.033333333333333
2014-02-27 18:00:00	LORETO	2.4
2014-02-27 19:00:00	LORETO	0.43333333333333335
2014-02-27 20:00:00	LORETO	0.36666666666666664
2014-02-27 21:00:00	LORETO	1.4333333333333333
2014-02-27 22:00:00	LORETO	0.5333333333333333
2014-02-27 23:00:00	LORETO	1.6333333333333333
2014-02-28 00:00:00	LORETO	1.4333333333333333
2014-02-28 01:00:00	LORETO	4.033333333333333
2014-02-28 02:00:00	LORETO	7.633333333333334
2014-02-28 03:00:00	LORETO	8.0
2014-02-28 04:00:00	LORETO	10.0
2014-02-28 05:00:00	LORETO	9.066666666666666
2014-02-28 06:00:00	LORETO	8.733333333333333
2014-02-28 07:00:00	LORETO	10.5
2014-02-28 08:00:00	LORETO	7.266666666666667
2014-02-28 09:00:00	LORETO	4.833333333333333
2014-02-28 10:00:00	LORETO	3.7333333333333334
2014-02-28 11:00:00	LORETO	3.466666666666667
2014-02-28 12:00:00	LORETO	2.966666666666667
2014-02-28 13:00:00	LORETO	1.1
2014-02-28 14:00:00	LORETO	0.5666666666666667
2014-02-28 15:00:00	LORETO	0.5666666666666667
2014-02-28 16:00:00	LORETO	1.7666666666666666
2014-02-28 17:00:00	LORETO	2.6333333333333333
2014-02-28 18:00:00	LORETO	3.9
2014-02-28 19:00:00	LORETO	4.1
2014-02-28 20:00:00	LORETO	3.1333333333333333
2014-02-28 21:00:00	LORETO	6.666666666666667
2014-02-28 22:00:00	LORETO	5.366666666666666
2014-02-28 23:00:00	LORETO	2.1666666666666665
2014-03-01 00:00:00	LORETO	4.5
2014-03-01 01:00:00	LORETO	8.866666666666667
2014-03-01 02:00:00	LORETO	11.233333333333333
2014-03-01 03:00:00	LORETO	16.966666666666665
2014-03-01 04:00:00	LORETO	18.1
2014-03-01 05:00:00	LORETO	17.8
2014-03-01 06:00:00	LORETO	15.766666666666667
2014-03-01 07:00:00	LORETO	13.233333333333333
2014-03-01 08:00:00	LORETO	12.966666666666667
2014-03-01 09:00:00	LORETO	10.466666666666667
2014-03-01 10:00:00	LORETO	10.166666666666666
2014-03-01 11:00:00	LORETO	6.533333333333333
2014-03-01 12:00:00	LORETO	4.0
2014-03-01 13:00:00	LORETO	2.466666666666667
2014-03-01 14:00:00	LORETO	3.6333333333333333
2014-03-01 15:00:00	LORETO	5.666666666666667
2014-03-01 16:00:00	LORETO	3.1666666666666665
2014-03-01 17:00:00	LORETO	4.666666666666667
2014-03-01 18:00:00	LORETO	4.0
2014-03-01 19:00:00	LORETO	2.1666666666666665
2014-03-01 20:00:00	LORETO	1.4666666666666666
2014-03-01 21:00:00	LORETO	1.3333333333333333
2014-03-01 22:00:00	LORETO	3.2
2014-03-01 23:00:00	LORETO	3.3
2014-03-02 00:00:00	LORETO	5.666666666666667
2014-03-02 01:00:00	LORETO	6.233333333333333
2014-03-02 02:00:00	LORETO	7.333333333333333
2014-03-02 03:00:00	LORETO	11.166666666666666
2014-03-02 04:00:00	LORETO	12.0
2014-03-02 05:00:00	LORETO	11.566666666666666
2014-03-02 06:00:00	LORETO	15.1
2014-03-02 07:00:00	LORETO	16.3
2014-03-02 08:00:00	LORETO	15.133333333333333
2014-03-02 09:00:00	LORETO	10.9
2014-03-02 10:00:00	LORETO	11.433333333333334
2014-03-02 11:00:00	LORETO	9.7
2014-03-02 12:00:00	LORETO	5.633333333333334
2014-03-02 13:00:00	LORETO	6.0
2014-03-02 14:00:00	LORETO	9.066666666666666
2014-03-02 15:00:00	LORETO	6.7
2014-03-02 16:00:00	LORETO	4.9
2014-03-02 17:00:00	LORETO	3.566666666666667
2014-03-02 18:00:00	LORETO	2.0
2014-03-02 19:00:00	LORETO	1.0666666666666667
2014-03-02 20:00:00	LORETO	0.26666666666666666
2014-03-02 21:00:00	LORETO	0.8666666666666667
2014-03-02 22:00:00	LORETO	0.7333333333333333
2014-03-02 23:00:00	LORETO	0.7
2014-02-24 00:00:00	MACIACHINI - MAGGIOLINA	2.8
2014-02-24 01:00:00	MACIACHINI - MAGGIOLINA	2.0
2014-02-24 02:00:00	MACIACHINI - MAGGIOLINA	2.0
2014-02-24 03:00:00	MACIACHINI - MAGGIOLINA	2.0
2014-02-24 04:00:00	MACIACHINI - MAGGIOLINA	1.0
2014-02-24 05:00:00	MACIACHINI - MAGGIOLINA	0.5666666666666667
2014-02-24 09:00:00	MACIACHINI - MAGGIOLINA	1.2666666666666666
2014-02-24 10:00:00	MACIACHINI - MAGGIOLINA	0.23333333333333334
2014-02-24 11:00:00	MACIACHINI - MAGGIOLINA	0.9666666666666667
2014-02-24 12:00:00	MACIACHINI - MAGGIOLINA	1.6333333333333333
2014-02-24 13:00:00	MACIACHINI - MAGGIOLINA	3.533333333333333
2014-02-24 14:00:00	MACIACHINI - MAGGIOLINA	2.6333333333333333
2014-02-24 15:00:00	MACIACHINI - MAGGIOLINA	3.966666666666667
2014-02-24 16:00:00	MACIACHINI - MAGGIOLINA	4.9
2014-02-24 17:00:00	MACIACHINI - MAGGIOLINA	3.5
2014-02-24 18:00:00	MACIACHINI - MAGGIOLINA	2.9
2014-02-24 19:00:00	MACIACHINI - MAGGIOLINA	4.233333333333333
2014-02-24 20:00:00	MACIACHINI - MAGGIOLINA	3.9
2014-02-24 21:00:00	MACIACHINI - MAGGIOLINA	3.6333333333333333
2014-02-24 22:00:00	MACIACHINI - MAGGIOLINA	3.933333333333333
2014-02-24 23:00:00	MACIACHINI - MAGGIOLINA	8.9
2014-02-25 00:00:00	MACIACHINI - MAGGIOLINA	10.966666666666667
2014-02-25 01:00:00	MACIACHINI - MAGGIOLINA	12.133333333333333
2014-02-25 02:00:00	MACIACHINI - MAGGIOLINA	11.833333333333334
2014-02-25 03:00:00	MACIACHINI - MAGGIOLINA	12.0
2014-02-25 04:00:00	MACIACHINI - MAGGIOLINA	12.0
2014-02-25 05:00:00	MACIACHINI - MAGGIOLINA	11.6
2014-02-25 06:00:00	MACIACHINI - MAGGIOLINA	11.9
2014-02-25 07:00:00	MACIACHINI - MAGGIOLINA	11.1
2014-02-25 08:00:00	MACIACHINI - MAGGIOLINA	9.633333333333333
2014-02-25 09:00:00	MACIACHINI - MAGGIOLINA	5.866666666666666
2014-02-25 10:00:00	MACIACHINI - MAGGIOLINA	3.9
2014-02-25 11:00:00	MACIACHINI - MAGGIOLINA	7.166666666666667
2014-02-25 12:00:00	MACIACHINI - MAGGIOLINA	9.533333333333333
2014-02-25 13:00:00	MACIACHINI - MAGGIOLINA	6.4
2014-02-25 14:00:00	MACIACHINI - MAGGIOLINA	4.033333333333333
2014-02-25 15:00:00	MACIACHINI - MAGGIOLINA	4.4
2014-02-25 16:00:00	MACIACHINI - MAGGIOLINA	2.566666666666667
2014-02-25 17:00:00	MACIACHINI - MAGGIOLINA	1.4666666666666666
2014-02-25 18:00:00	MACIACHINI - MAGGIOLINA	0.5666666666666667
2014-02-25 19:00:00	MACIACHINI - MAGGIOLINA	1.4333333333333333
2014-02-25 20:00:00	MACIACHINI - MAGGIOLINA	1.3
2014-02-25 21:00:00	MACIACHINI - MAGGIOLINA	1.3666666666666667
2014-02-25 22:00:00	MACIACHINI - MAGGIOLINA	0.13333333333333333
2014-02-25 23:00:00	MACIACHINI - MAGGIOLINA	0.4
2014-02-26 00:00:00	MACIACHINI - MAGGIOLINA	0.8
2014-02-26 01:00:00	MACIACHINI - MAGGIOLINA	4.066666666666666
2014-02-26 02:00:00	MACIACHINI - MAGGIOLINA	6.0
2014-02-26 03:00:00	MACIACHINI - MAGGIOLINA	6.0
2014-02-26 04:00:00	MACIACHINI - MAGGIOLINA	5.9
2014-02-26 05:00:00	MACIACHINI - MAGGIOLINA	6.433333333333334
2014-02-26 06:00:00	MACIACHINI - MAGGIOLINA	7.0
2014-02-26 07:00:00	MACIACHINI - MAGGIOLINA	5.966666666666667
2014-02-26 08:00:00	MACIACHINI - MAGGIOLINA	3.533333333333333
2014-02-26 09:00:00	MACIACHINI - MAGGIOLINA	1.6333333333333333
2014-02-26 10:00:00	MACIACHINI - MAGGIOLINA	0.9
2014-02-26 11:00:00	MACIACHINI - MAGGIOLINA	1.0666666666666667
2014-02-26 12:00:00	MACIACHINI - MAGGIOLINA	1.6
2014-02-26 13:00:00	MACIACHINI - MAGGIOLINA	2.8333333333333335
2014-02-26 14:00:00	MACIACHINI - MAGGIOLINA	1.4
2014-02-26 15:00:00	MACIACHINI - MAGGIOLINA	1.7333333333333334
2014-02-26 16:00:00	MACIACHINI - MAGGIOLINA	0.9
2014-02-26 17:00:00	MACIACHINI - MAGGIOLINA	1.3666666666666667
2014-02-26 18:00:00	MACIACHINI - MAGGIOLINA	1.9666666666666666
2014-02-26 19:00:00	MACIACHINI - MAGGIOLINA	4.1
2014-02-26 20:00:00	MACIACHINI - MAGGIOLINA	2.8
2014-02-26 21:00:00	MACIACHINI - MAGGIOLINA	4.633333333333334
2014-02-26 22:00:00	MACIACHINI - MAGGIOLINA	6.033333333333333
2014-02-26 23:00:00	MACIACHINI - MAGGIOLINA	4.6
2014-02-27 00:00:00	MACIACHINI - MAGGIOLINA	7.466666666666667
2014-02-27 01:00:00	MACIACHINI - MAGGIOLINA	12.466666666666667
2014-02-27 02:00:00	MACIACHINI - MAGGIOLINA	13.666666666666666
2014-02-27 03:00:00	MACIACHINI - MAGGIOLINA	13.833333333333334
2014-02-27 04:00:00	MACIACHINI - MAGGIOLINA	13.6
2014-02-27 05:00:00	MACIACHINI - MAGGIOLINA	13.566666666666666
2014-02-27 06:00:00	MACIACHINI - MAGGIOLINA	12.7
2014-02-27 07:00:00	MACIACHINI - MAGGIOLINA	9.533333333333333
2014-02-27 08:00:00	MACIACHINI - MAGGIOLINA	4.733333333333333
2014-02-27 09:00:00	MACIACHINI - MAGGIOLINA	1.6
2014-02-27 10:00:00	MACIACHINI - MAGGIOLINA	2.033333333333333
2014-02-27 11:00:00	MACIACHINI - MAGGIOLINA	3.7
2014-02-27 12:00:00	MACIACHINI - MAGGIOLINA	4.2
2014-02-27 13:00:00	MACIACHINI - MAGGIOLINA	3.8666666666666667
2014-02-27 14:00:00	MACIACHINI - MAGGIOLINA	2.4
2014-02-27 15:00:00	MACIACHINI - MAGGIOLINA	3.6666666666666665
2014-02-27 16:00:00	MACIACHINI - MAGGIOLINA	3.7
2014-02-27 17:00:00	MACIACHINI - MAGGIOLINA	2.2666666666666666
2014-02-27 18:00:00	MACIACHINI - MAGGIOLINA	3.2
2014-02-27 19:00:00	MACIACHINI - MAGGIOLINA	2.6333333333333333
2014-02-27 20:00:00	MACIACHINI - MAGGIOLINA	2.6333333333333333
2014-02-27 21:00:00	MACIACHINI - MAGGIOLINA	2.566666666666667
2014-02-27 22:00:00	MACIACHINI - MAGGIOLINA	2.2666666666666666
2014-02-27 23:00:00	MACIACHINI - MAGGIOLINA	3.3333333333333335
2014-02-28 00:00:00	MACIACHINI - MAGGIOLINA	5.166666666666667
2014-02-28 01:00:00	MACIACHINI - MAGGIOLINA	5.966666666666667
2014-02-28 02:00:00	MACIACHINI - MAGGIOLINA	8.0
2014-02-28 03:00:00	MACIACHINI - MAGGIOLINA	8.733333333333333
2014-02-28 04:00:00	MACIACHINI - MAGGIOLINA	9.7
2014-02-28 05:00:00	MACIACHINI - MAGGIOLINA	8.166666666666666
2014-02-28 06:00:00	MACIACHINI - MAGGIOLINA	5.933333333333334
2014-02-28 07:00:00	MACIACHINI - MAGGIOLINA	5.1
2014-02-28 08:00:00	MACIACHINI - MAGGIOLINA	3.7
2014-02-28 09:00:00	MACIACHINI - MAGGIOLINA	4.333333333333333
2014-02-28 10:00:00	MACIACHINI - MAGGIOLINA	3.5
2014-02-28 11:00:00	MACIACHINI - MAGGIOLINA	4.1
2014-02-28 12:00:00	MACIACHINI - MAGGIOLINA	2.466666666666667
2014-02-28 13:00:00	MACIACHINI - MAGGIOLINA	0.6666666666666666
2014-02-28 14:00:00	MACIACHINI - MAGGIOLINA	2.1333333333333333
2014-02-28 15:00:00	MACIACHINI - MAGGIOLINA	1.8666666666666667
2014-02-28 16:00:00	MACIACHINI - MAGGIOLINA	1.7666666666666666
2014-02-28 17:00:00	MACIACHINI - MAGGIOLINA	3.3666666666666667
2014-02-28 18:00:00	MACIACHINI - MAGGIOLINA	4.5
2014-02-28 19:00:00	MACIACHINI - MAGGIOLINA	7.933333333333334
2014-02-28 20:00:00	MACIACHINI - MAGGIOLINA	5.133333333333334
2014-02-28 21:00:00	MACIACHINI - MAGGIOLINA	3.4
2014-02-28 22:00:00	MACIACHINI - MAGGIOLINA	2.8
2014-02-28 23:00:00	MACIACHINI - MAGGIOLINA	1.0333333333333334
2014-03-01 00:00:00	MACIACHINI - MAGGIOLINA	1.8
2014-03-01 01:00:00	MACIACHINI - MAGGIOLINA	5.633333333333334
2014-03-01 02:00:00	MACIACHINI - MAGGIOLINA	6.233333333333333
2014-03-01 03:00:00	MACIACHINI - MAGGIOLINA	6.866666666666666
2014-03-01 04:00:00	MACIACHINI - MAGGIOLINA	6.133333333333334
2014-03-01 05:00:00	MACIACHINI - MAGGIOLINA	2.566666666666667
2014-03-01 06:00:00	MACIACHINI - MAGGIOLINA	3.0
2014-03-01 07:00:00	MACIACHINI - MAGGIOLINA	2.1
2014-03-01 08:00:00	MACIACHINI - MAGGIOLINA	1.8333333333333333
2014-03-01 09:00:00	MACIACHINI - MAGGIOLINA	2.966666666666667
2014-03-01 10:00:00	MACIACHINI - MAGGIOLINA	1.6666666666666667
2014-03-01 11:00:00	MACIACHINI - MAGGIOLINA	1.3333333333333333
2014-03-01 12:00:00	MACIACHINI - MAGGIOLINA	1.2333333333333334
2014-03-01 13:00:00	MACIACHINI - MAGGIOLINA	1.0333333333333334
2014-03-01 14:00:00	MACIACHINI - MAGGIOLINA	2.033333333333333
2014-03-01 15:00:00	MACIACHINI - MAGGIOLINA	1.9666666666666666
2014-03-01 16:00:00	MACIACHINI - MAGGIOLINA	1.6333333333333333
2014-03-01 17:00:00	MACIACHINI - MAGGIOLINA	2.1333333333333333
2014-03-01 18:00:00	MACIACHINI - MAGGIOLINA	2.8333333333333335
2014-03-01 19:00:00	MACIACHINI - MAGGIOLINA	2.566666666666667
2014-03-01 20:00:00	MACIACHINI - MAGGIOLINA	3.2666666666666666
2014-03-01 21:00:00	MACIACHINI - MAGGIOLINA	4.566666666666666
2014-03-01 22:00:00	MACIACHINI - MAGGIOLINA	7.566666666666666
2014-03-01 23:00:00	MACIACHINI - MAGGIOLINA	2.3666666666666667
2014-03-02 00:00:00	MACIACHINI - MAGGIOLINA	1.6
2014-03-02 01:00:00	MACIACHINI - MAGGIOLINA	2.3
2014-03-02 02:00:00	MACIACHINI - MAGGIOLINA	4.933333333333334
2014-03-02 03:00:00	MACIACHINI - MAGGIOLINA	6.6
2014-03-02 04:00:00	MACIACHINI - MAGGIOLINA	6.2
2014-03-02 05:00:00	MACIACHINI - MAGGIOLINA	8.866666666666667
2014-03-02 06:00:00	MACIACHINI - MAGGIOLINA	11.933333333333334
2014-03-02 07:00:00	MACIACHINI - MAGGIOLINA	12.0
2014-03-02 08:00:00	MACIACHINI - MAGGIOLINA	12.366666666666667
2014-03-02 09:00:00	MACIACHINI - MAGGIOLINA	9.033333333333333
2014-03-02 10:00:00	MACIACHINI - MAGGIOLINA	5.7
2014-03-02 11:00:00	MACIACHINI - MAGGIOLINA	4.566666666666666
2014-03-02 12:00:00	MACIACHINI - MAGGIOLINA	5.933333333333334
2014-03-02 13:00:00	MACIACHINI - MAGGIOLINA	6.7
2014-03-02 14:00:00	MACIACHINI - MAGGIOLINA	4.066666666666666
2014-03-02 15:00:00	MACIACHINI - MAGGIOLINA	3.7
2014-03-02 16:00:00	MACIACHINI - MAGGIOLINA	2.7
2014-03-02 17:00:00	MACIACHINI - MAGGIOLINA	1.0
2014-03-02 18:00:00	MACIACHINI - MAGGIOLINA	3.8333333333333335
2014-03-02 19:00:00	MACIACHINI - MAGGIOLINA	4.733333333333333
2014-03-02 20:00:00	MACIACHINI - MAGGIOLINA	2.6666666666666665
2014-03-02 21:00:00	MACIACHINI - MAGGIOLINA	1.1333333333333333
2014-03-02 22:00:00	MACIACHINI - MAGGIOLINA	2.433333333333333
2014-03-02 23:00:00	MACIACHINI - MAGGIOLINA	2.933333333333333
2014-02-24 00:00:00	MAGENTA - S. VITTORE	0.4666666666666667
2014-02-24 01:00:00	MAGENTA - S. VITTORE	0.5666666666666667
2014-02-24 02:00:00	MAGENTA - S. VITTORE	2.1333333333333333
2014-02-24 03:00:00	MAGENTA - S. VITTORE	3.7333333333333334
2014-02-24 04:00:00	MAGENTA - S. VITTORE	3.433333333333333
2014-02-24 05:00:00	MAGENTA - S. VITTORE	1.6333333333333333
2014-02-24 06:00:00	MAGENTA - S. VITTORE	2.1
2014-02-24 07:00:00	MAGENTA - S. VITTORE	2.5
2014-02-24 08:00:00	MAGENTA - S. VITTORE	0.9666666666666667
2014-02-24 09:00:00	MAGENTA - S. VITTORE	3.7
2014-02-24 10:00:00	MAGENTA - S. VITTORE	3.6333333333333333
2014-02-24 11:00:00	MAGENTA - S. VITTORE	2.066666666666667
2014-02-24 12:00:00	MAGENTA - S. VITTORE	5.4
2014-02-24 13:00:00	MAGENTA - S. VITTORE	4.2
2014-02-24 14:00:00	MAGENTA - S. VITTORE	2.6333333333333333
2014-02-24 15:00:00	MAGENTA - S. VITTORE	4.833333333333333
2014-02-24 16:00:00	MAGENTA - S. VITTORE	3.1
2014-02-24 17:00:00	MAGENTA - S. VITTORE	0.9333333333333333
2014-02-24 18:00:00	MAGENTA - S. VITTORE	0.2
2014-02-24 19:00:00	MAGENTA - S. VITTORE	0.16666666666666666
2014-02-24 20:00:00	MAGENTA - S. VITTORE	0.8333333333333334
2014-02-24 21:00:00	MAGENTA - S. VITTORE	0.8333333333333334
2014-02-24 22:00:00	MAGENTA - S. VITTORE	0.8333333333333334
2014-02-24 23:00:00	MAGENTA - S. VITTORE	0.7666666666666667
2014-02-25 00:00:00	MAGENTA - S. VITTORE	0.13333333333333333
2014-02-25 01:00:00	MAGENTA - S. VITTORE	1.0666666666666667
2014-02-25 02:00:00	MAGENTA - S. VITTORE	1.4
2014-02-25 03:00:00	MAGENTA - S. VITTORE	2.466666666666667
2014-02-25 04:00:00	MAGENTA - S. VITTORE	2.1666666666666665
2014-02-25 05:00:00	MAGENTA - S. VITTORE	3.0
2014-02-25 06:00:00	MAGENTA - S. VITTORE	4.133333333333334
2014-02-25 07:00:00	MAGENTA - S. VITTORE	4.766666666666667
2014-02-25 08:00:00	MAGENTA - S. VITTORE	3.933333333333333
2014-02-25 09:00:00	MAGENTA - S. VITTORE	2.8
2014-02-25 10:00:00	MAGENTA - S. VITTORE	5.666666666666667
2014-02-25 11:00:00	MAGENTA - S. VITTORE	7.533333333333333
2014-02-25 12:00:00	MAGENTA - S. VITTORE	4.5
2014-02-25 13:00:00	MAGENTA - S. VITTORE	3.2666666666666666
2014-02-25 14:00:00	MAGENTA - S. VITTORE	3.9
2014-02-25 15:00:00	MAGENTA - S. VITTORE	3.4
2014-02-25 16:00:00	MAGENTA - S. VITTORE	2.9
2014-02-25 17:00:00	MAGENTA - S. VITTORE	1.5666666666666667
2014-02-25 18:00:00	MAGENTA - S. VITTORE	1.0
2014-02-25 19:00:00	MAGENTA - S. VITTORE	0.6333333333333333
2014-02-25 20:00:00	MAGENTA - S. VITTORE	0.36666666666666664
2014-02-25 21:00:00	MAGENTA - S. VITTORE	1.6666666666666667
2014-02-25 22:00:00	MAGENTA - S. VITTORE	0.06666666666666667
2014-02-25 23:00:00	MAGENTA - S. VITTORE	0.5
2014-02-26 00:00:00	MAGENTA - S. VITTORE	0.6
2014-02-26 01:00:00	MAGENTA - S. VITTORE	0.5333333333333333
2014-02-26 02:00:00	MAGENTA - S. VITTORE	2.0
2014-02-26 03:00:00	MAGENTA - S. VITTORE	2.8333333333333335
2014-02-26 04:00:00	MAGENTA - S. VITTORE	3.0
2014-02-26 05:00:00	MAGENTA - S. VITTORE	2.933333333333333
2014-02-26 06:00:00	MAGENTA - S. VITTORE	3.6333333333333333
2014-02-26 07:00:00	MAGENTA - S. VITTORE	3.033333333333333
2014-02-26 08:00:00	MAGENTA - S. VITTORE	1.7
2014-02-26 09:00:00	MAGENTA - S. VITTORE	3.1666666666666665
2014-02-26 10:00:00	MAGENTA - S. VITTORE	5.0
2014-02-26 11:00:00	MAGENTA - S. VITTORE	1.7666666666666666
2014-02-26 12:00:00	MAGENTA - S. VITTORE	2.3333333333333335
2014-02-26 13:00:00	MAGENTA - S. VITTORE	4.5
2014-02-26 14:00:00	MAGENTA - S. VITTORE	3.3
2014-02-26 15:00:00	MAGENTA - S. VITTORE	5.966666666666667
2014-02-26 16:00:00	MAGENTA - S. VITTORE	4.066666666666666
2014-02-26 17:00:00	MAGENTA - S. VITTORE	4.033333333333333
2014-02-26 18:00:00	MAGENTA - S. VITTORE	1.3
2014-02-26 19:00:00	MAGENTA - S. VITTORE	0.4
2014-02-26 20:00:00	MAGENTA - S. VITTORE	0.16666666666666666
2014-02-26 21:00:00	MAGENTA - S. VITTORE	1.8666666666666667
2014-02-26 22:00:00	MAGENTA - S. VITTORE	1.0
2014-02-26 23:00:00	MAGENTA - S. VITTORE	1.4333333333333333
2014-02-27 00:00:00	MAGENTA - S. VITTORE	1.1333333333333333
2014-02-27 01:00:00	MAGENTA - S. VITTORE	1.0
2014-02-27 02:00:00	MAGENTA - S. VITTORE	1.0333333333333334
2014-02-27 03:00:00	MAGENTA - S. VITTORE	1.5333333333333334
2014-02-27 04:00:00	MAGENTA - S. VITTORE	0.5
2014-02-27 05:00:00	MAGENTA - S. VITTORE	1.0
2014-02-27 06:00:00	MAGENTA - S. VITTORE	2.7333333333333334
2014-02-27 07:00:00	MAGENTA - S. VITTORE	5.1
2014-02-27 08:00:00	MAGENTA - S. VITTORE	1.6333333333333333
2014-02-27 09:00:00	MAGENTA - S. VITTORE	2.033333333333333
2014-02-27 10:00:00	MAGENTA - S. VITTORE	2.933333333333333
2014-02-27 11:00:00	MAGENTA - S. VITTORE	3.2666666666666666
2014-02-27 12:00:00	MAGENTA - S. VITTORE	2.3666666666666667
2014-02-27 13:00:00	MAGENTA - S. VITTORE	0.43333333333333335
2014-02-27 14:00:00	MAGENTA - S. VITTORE	1.1
2014-02-27 15:00:00	MAGENTA - S. VITTORE	2.1333333333333333
2014-02-27 16:00:00	MAGENTA - S. VITTORE	4.533333333333333
2014-02-27 17:00:00	MAGENTA - S. VITTORE	3.066666666666667
2014-02-27 18:00:00	MAGENTA - S. VITTORE	0.5333333333333333
2014-02-27 19:00:00	MAGENTA - S. VITTORE	0.7
2014-02-27 20:00:00	MAGENTA - S. VITTORE	0.6666666666666666
2014-02-27 21:00:00	MAGENTA - S. VITTORE	3.4
2014-02-27 22:00:00	MAGENTA - S. VITTORE	1.9666666666666666
2014-02-27 23:00:00	MAGENTA - S. VITTORE	0.8
2014-02-28 00:00:00	MAGENTA - S. VITTORE	0.36666666666666664
2014-02-28 01:00:00	MAGENTA - S. VITTORE	0.6666666666666666
2014-02-28 02:00:00	MAGENTA - S. VITTORE	1.4333333333333333
2014-02-28 03:00:00	MAGENTA - S. VITTORE	1.1333333333333333
2014-02-28 04:00:00	MAGENTA - S. VITTORE	0.8666666666666667
2014-02-28 05:00:00	MAGENTA - S. VITTORE	0.1
2014-02-28 06:00:00	MAGENTA - S. VITTORE	2.1333333333333333
2014-02-28 07:00:00	MAGENTA - S. VITTORE	3.0
2014-02-28 08:00:00	MAGENTA - S. VITTORE	1.7
2014-02-28 09:00:00	MAGENTA - S. VITTORE	2.6333333333333333
2014-02-28 10:00:00	MAGENTA - S. VITTORE	1.1
2014-02-28 11:00:00	MAGENTA - S. VITTORE	1.5666666666666667
2014-02-28 12:00:00	MAGENTA - S. VITTORE	0.9333333333333333
2014-02-28 13:00:00	MAGENTA - S. VITTORE	0.9666666666666667
2014-02-28 14:00:00	MAGENTA - S. VITTORE	2.3333333333333335
2014-02-28 15:00:00	MAGENTA - S. VITTORE	2.966666666666667
2014-02-28 16:00:00	MAGENTA - S. VITTORE	2.933333333333333
2014-02-28 17:00:00	MAGENTA - S. VITTORE	0.8333333333333334
2014-02-28 18:00:00	MAGENTA - S. VITTORE	0.4666666666666667
2014-02-28 19:00:00	MAGENTA - S. VITTORE	0.6
2014-02-28 20:00:00	MAGENTA - S. VITTORE	0.9666666666666667
2014-02-28 21:00:00	MAGENTA - S. VITTORE	0.7666666666666667
2014-02-28 22:00:00	MAGENTA - S. VITTORE	0.7333333333333333
2014-02-28 23:00:00	MAGENTA - S. VITTORE	0.6
2014-03-01 00:00:00	MAGENTA - S. VITTORE	0.36666666666666664
2014-03-01 01:00:00	MAGENTA - S. VITTORE	0.6666666666666666
2014-03-01 02:00:00	MAGENTA - S. VITTORE	0.06666666666666667
2014-03-01 03:00:00	MAGENTA - S. VITTORE	0.23333333333333334
2014-03-01 04:00:00	MAGENTA - S. VITTORE	0.3
2014-03-01 05:00:00	MAGENTA - S. VITTORE	1.3
2014-03-01 06:00:00	MAGENTA - S. VITTORE	2.533333333333333
2014-03-01 07:00:00	MAGENTA - S. VITTORE	1.8666666666666667
2014-03-01 08:00:00	MAGENTA - S. VITTORE	0.9
2014-03-01 09:00:00	MAGENTA - S. VITTORE	1.3333333333333333
2014-03-01 10:00:00	MAGENTA - S. VITTORE	1.8666666666666667
2014-03-01 11:00:00	MAGENTA - S. VITTORE	5.5
2014-03-01 12:00:00	MAGENTA - S. VITTORE	3.533333333333333
2014-03-01 13:00:00	MAGENTA - S. VITTORE	2.566666666666667
2014-03-01 14:00:00	MAGENTA - S. VITTORE	2.3666666666666667
2014-03-01 15:00:00	MAGENTA - S. VITTORE	2.8666666666666667
2014-03-01 16:00:00	MAGENTA - S. VITTORE	0.6
2014-03-01 17:00:00	MAGENTA - S. VITTORE	0.6
2014-03-01 18:00:00	MAGENTA - S. VITTORE	0.7333333333333333
2014-03-01 19:00:00	MAGENTA - S. VITTORE	1.4
2014-03-01 20:00:00	MAGENTA - S. VITTORE	1.1333333333333333
2014-03-01 21:00:00	MAGENTA - S. VITTORE	1.8666666666666667
2014-03-01 22:00:00	MAGENTA - S. VITTORE	2.4
2014-03-01 23:00:00	MAGENTA - S. VITTORE	2.8666666666666667
2014-03-02 00:00:00	MAGENTA - S. VITTORE	0.26666666666666666
2014-03-02 01:00:00	MAGENTA - S. VITTORE	0.06666666666666667
2014-03-02 02:00:00	MAGENTA - S. VITTORE	0.26666666666666666
2014-03-02 03:00:00	MAGENTA - S. VITTORE	0.2
2014-03-02 04:00:00	MAGENTA - S. VITTORE	1.1333333333333333
2014-03-02 05:00:00	MAGENTA - S. VITTORE	0.6333333333333333
2014-03-02 06:00:00	MAGENTA - S. VITTORE	1.8333333333333333
2014-03-02 07:00:00	MAGENTA - S. VITTORE	1.4333333333333333
2014-03-02 08:00:00	MAGENTA - S. VITTORE	1.0
2014-03-02 09:00:00	MAGENTA - S. VITTORE	1.0
2014-03-02 10:00:00	MAGENTA - S. VITTORE	3.6666666666666665
2014-03-02 11:00:00	MAGENTA - S. VITTORE	5.466666666666667
2014-03-02 12:00:00	MAGENTA - S. VITTORE	1.8333333333333333
2014-03-02 13:00:00	MAGENTA - S. VITTORE	0.7666666666666667
2014-03-02 14:00:00	MAGENTA - S. VITTORE	1.1333333333333333
2014-03-02 15:00:00	MAGENTA - S. VITTORE	1.5
2014-03-02 16:00:00	MAGENTA - S. VITTORE	1.3333333333333333
2014-03-02 17:00:00	MAGENTA - S. VITTORE	0.23333333333333334
2014-03-02 18:00:00	MAGENTA - S. VITTORE	0.26666666666666666
2014-03-02 19:00:00	MAGENTA - S. VITTORE	0.7
2014-03-02 20:00:00	MAGENTA - S. VITTORE	1.2333333333333334
2014-03-02 21:00:00	MAGENTA - S. VITTORE	5.833333333333333
2014-03-02 22:00:00	MAGENTA - S. VITTORE	1.2333333333333334
2014-03-02 23:00:00	MAGENTA - S. VITTORE	1.1666666666666667
2014-02-24 00:00:00	MAGGIORE - MUSOCCO	4.0
2014-02-24 01:00:00	MAGGIORE - MUSOCCO	4.0
2014-02-24 02:00:00	MAGGIORE - MUSOCCO	4.0
2014-02-24 03:00:00	MAGGIORE - MUSOCCO	4.0
2014-02-24 04:00:00	MAGGIORE - MUSOCCO	4.0
2014-02-24 05:00:00	MAGGIORE - MUSOCCO	4.0
2014-02-24 06:00:00	MAGGIORE - MUSOCCO	4.0
2014-02-24 07:00:00	MAGGIORE - MUSOCCO	4.0
2014-02-24 08:00:00	MAGGIORE - MUSOCCO	4.0
2014-02-24 09:00:00	MAGGIORE - MUSOCCO	3.8
2014-02-24 10:00:00	MAGGIORE - MUSOCCO	4.233333333333333
2014-02-24 11:00:00	MAGGIORE - MUSOCCO	5.0
2014-02-24 12:00:00	MAGGIORE - MUSOCCO	4.966666666666667
2014-02-24 13:00:00	MAGGIORE - MUSOCCO	7.366666666666666
2014-02-24 14:00:00	MAGGIORE - MUSOCCO	8.166666666666666
2014-02-24 15:00:00	MAGGIORE - MUSOCCO	7.866666666666666
2014-02-24 16:00:00	MAGGIORE - MUSOCCO	5.3
2014-02-24 17:00:00	MAGGIORE - MUSOCCO	4.2
2014-02-24 18:00:00	MAGGIORE - MUSOCCO	4.233333333333333
2014-02-24 19:00:00	MAGGIORE - MUSOCCO	5.166666666666667
2014-02-24 20:00:00	MAGGIORE - MUSOCCO	6.0
2014-02-24 21:00:00	MAGGIORE - MUSOCCO	6.3
2014-02-24 22:00:00	MAGGIORE - MUSOCCO	4.1
2014-02-24 23:00:00	MAGGIORE - MUSOCCO	5.966666666666667
2014-02-25 00:00:00	MAGGIORE - MUSOCCO	7.0
2014-02-25 01:00:00	MAGGIORE - MUSOCCO	7.0
2014-02-25 02:00:00	MAGGIORE - MUSOCCO	6.766666666666667
2014-02-25 03:00:00	MAGGIORE - MUSOCCO	7.0
2014-02-25 04:00:00	MAGGIORE - MUSOCCO	7.0
2014-02-25 05:00:00	MAGGIORE - MUSOCCO	6.766666666666667
2014-02-25 06:00:00	MAGGIORE - MUSOCCO	7.0
2014-02-25 07:00:00	MAGGIORE - MUSOCCO	6.766666666666667
2014-02-25 08:00:00	MAGGIORE - MUSOCCO	6.466666666666667
2014-02-25 09:00:00	MAGGIORE - MUSOCCO	3.7333333333333334
2014-02-25 10:00:00	MAGGIORE - MUSOCCO	3.3333333333333335
2014-02-25 11:00:00	MAGGIORE - MUSOCCO	3.0
2014-02-25 12:00:00	MAGGIORE - MUSOCCO	2.5
2014-02-25 13:00:00	MAGGIORE - MUSOCCO	2.966666666666667
2014-02-25 14:00:00	MAGGIORE - MUSOCCO	2.7666666666666666
2014-02-25 15:00:00	MAGGIORE - MUSOCCO	3.066666666666667
2014-02-25 16:00:00	MAGGIORE - MUSOCCO	3.933333333333333
2014-02-25 17:00:00	MAGGIORE - MUSOCCO	3.566666666666667
2014-02-25 18:00:00	MAGGIORE - MUSOCCO	3.7
2014-02-25 19:00:00	MAGGIORE - MUSOCCO	5.866666666666666
2014-02-25 20:00:00	MAGGIORE - MUSOCCO	6.0
2014-02-25 21:00:00	MAGGIORE - MUSOCCO	5.8
2014-02-25 22:00:00	MAGGIORE - MUSOCCO	5.966666666666667
2014-02-25 23:00:00	MAGGIORE - MUSOCCO	5.666666666666667
2014-02-26 00:00:00	MAGGIORE - MUSOCCO	5.866666666666666
2014-02-26 01:00:00	MAGGIORE - MUSOCCO	5.0
2014-02-26 02:00:00	MAGGIORE - MUSOCCO	5.0
2014-02-26 03:00:00	MAGGIORE - MUSOCCO	5.0
2014-02-26 04:00:00	MAGGIORE - MUSOCCO	5.0
2014-02-26 05:00:00	MAGGIORE - MUSOCCO	5.0
2014-02-26 06:00:00	MAGGIORE - MUSOCCO	4.7
2014-02-26 07:00:00	MAGGIORE - MUSOCCO	4.0
2014-02-26 08:00:00	MAGGIORE - MUSOCCO	3.8333333333333335
2014-02-26 09:00:00	MAGGIORE - MUSOCCO	2.1666666666666665
2014-02-26 10:00:00	MAGGIORE - MUSOCCO	1.9666666666666666
2014-02-26 11:00:00	MAGGIORE - MUSOCCO	3.0
2014-02-26 12:00:00	MAGGIORE - MUSOCCO	3.0
2014-02-26 13:00:00	MAGGIORE - MUSOCCO	2.7666666666666666
2014-02-26 14:00:00	MAGGIORE - MUSOCCO	3.4
2014-02-26 15:00:00	MAGGIORE - MUSOCCO	3.933333333333333
2014-02-26 16:00:00	MAGGIORE - MUSOCCO	3.466666666666667
2014-02-26 17:00:00	MAGGIORE - MUSOCCO	3.0
2014-02-26 18:00:00	MAGGIORE - MUSOCCO	2.9
2014-02-26 19:00:00	MAGGIORE - MUSOCCO	3.8333333333333335
2014-02-26 20:00:00	MAGGIORE - MUSOCCO	4.0
2014-02-26 21:00:00	MAGGIORE - MUSOCCO	4.0
2014-02-26 22:00:00	MAGGIORE - MUSOCCO	3.933333333333333
2014-02-26 23:00:00	MAGGIORE - MUSOCCO	3.0
2014-02-27 00:00:00	MAGGIORE - MUSOCCO	3.2666666666666666
2014-02-27 01:00:00	MAGGIORE - MUSOCCO	4.0
2014-02-27 02:00:00	MAGGIORE - MUSOCCO	3.8
2014-02-27 03:00:00	MAGGIORE - MUSOCCO	4.0
2014-02-27 04:00:00	MAGGIORE - MUSOCCO	4.0
2014-02-27 05:00:00	MAGGIORE - MUSOCCO	4.0
2014-02-27 06:00:00	MAGGIORE - MUSOCCO	4.0
2014-02-27 07:00:00	MAGGIORE - MUSOCCO	4.0
2014-02-27 08:00:00	MAGGIORE - MUSOCCO	4.2
2014-02-27 09:00:00	MAGGIORE - MUSOCCO	4.5
2014-02-27 10:00:00	MAGGIORE - MUSOCCO	5.066666666666666
2014-02-27 11:00:00	MAGGIORE - MUSOCCO	3.566666666666667
2014-02-27 12:00:00	MAGGIORE - MUSOCCO	3.0
2014-02-27 13:00:00	MAGGIORE - MUSOCCO	3.466666666666667
2014-02-27 14:00:00	MAGGIORE - MUSOCCO	2.2
2014-02-27 15:00:00	MAGGIORE - MUSOCCO	3.3
2014-02-27 16:00:00	MAGGIORE - MUSOCCO	2.7333333333333334
2014-02-27 17:00:00	MAGGIORE - MUSOCCO	2.5
2014-02-27 18:00:00	MAGGIORE - MUSOCCO	2.3
2014-02-27 19:00:00	MAGGIORE - MUSOCCO	1.7333333333333334
2014-02-27 20:00:00	MAGGIORE - MUSOCCO	3.0
2014-02-27 21:00:00	MAGGIORE - MUSOCCO	3.0
2014-02-27 22:00:00	MAGGIORE - MUSOCCO	2.433333333333333
2014-02-27 23:00:00	MAGGIORE - MUSOCCO	2.0
2014-02-28 00:00:00	MAGGIORE - MUSOCCO	2.033333333333333
2014-02-28 01:00:00	MAGGIORE - MUSOCCO	2.9
2014-02-28 02:00:00	MAGGIORE - MUSOCCO	3.0
2014-02-28 03:00:00	MAGGIORE - MUSOCCO	3.0
2014-02-28 04:00:00	MAGGIORE - MUSOCCO	2.3
2014-02-28 05:00:00	MAGGIORE - MUSOCCO	2.0
2014-02-28 06:00:00	MAGGIORE - MUSOCCO	2.0
2014-02-28 07:00:00	MAGGIORE - MUSOCCO	1.4666666666666666
2014-02-28 08:00:00	MAGGIORE - MUSOCCO	1.2333333333333334
2014-02-28 09:00:00	MAGGIORE - MUSOCCO	2.6666666666666665
2014-02-28 10:00:00	MAGGIORE - MUSOCCO	2.8
2014-02-28 11:00:00	MAGGIORE - MUSOCCO	3.066666666666667
2014-02-28 12:00:00	MAGGIORE - MUSOCCO	2.3333333333333335
2014-02-28 13:00:00	MAGGIORE - MUSOCCO	2.0
2014-02-28 14:00:00	MAGGIORE - MUSOCCO	2.0
2014-02-28 15:00:00	MAGGIORE - MUSOCCO	1.6666666666666667
2014-02-28 16:00:00	MAGGIORE - MUSOCCO	1.0
2014-02-28 17:00:00	MAGGIORE - MUSOCCO	0.16666666666666666
2014-02-28 19:00:00	MAGGIORE - MUSOCCO	0.6666666666666666
2014-02-28 20:00:00	MAGGIORE - MUSOCCO	1.9
2014-02-28 21:00:00	MAGGIORE - MUSOCCO	2.0
2014-02-28 22:00:00	MAGGIORE - MUSOCCO	2.0
2014-02-28 23:00:00	MAGGIORE - MUSOCCO	1.0
2014-03-01 00:00:00	MAGGIORE - MUSOCCO	1.2
2014-03-01 01:00:00	MAGGIORE - MUSOCCO	1.1
2014-03-01 02:00:00	MAGGIORE - MUSOCCO	0.7666666666666667
2014-03-01 03:00:00	MAGGIORE - MUSOCCO	0.8666666666666667
2014-03-01 04:00:00	MAGGIORE - MUSOCCO	1.0
2014-03-01 05:00:00	MAGGIORE - MUSOCCO	1.0
2014-03-01 06:00:00	MAGGIORE - MUSOCCO	1.0
2014-03-01 07:00:00	MAGGIORE - MUSOCCO	1.0
2014-03-01 08:00:00	MAGGIORE - MUSOCCO	1.0
2014-03-01 09:00:00	MAGGIORE - MUSOCCO	1.0
2014-03-01 10:00:00	MAGGIORE - MUSOCCO	1.0
2014-03-01 11:00:00	MAGGIORE - MUSOCCO	1.0
2014-03-01 12:00:00	MAGGIORE - MUSOCCO	1.0
2014-03-01 13:00:00	MAGGIORE - MUSOCCO	1.7666666666666666
2014-03-01 14:00:00	MAGGIORE - MUSOCCO	2.033333333333333
2014-03-01 15:00:00	MAGGIORE - MUSOCCO	0.7333333333333333
2014-03-01 16:00:00	MAGGIORE - MUSOCCO	1.0
2014-03-01 17:00:00	MAGGIORE - MUSOCCO	0.8
2014-03-01 18:00:00	MAGGIORE - MUSOCCO	1.2666666666666666
2014-03-01 19:00:00	MAGGIORE - MUSOCCO	2.0
2014-03-01 20:00:00	MAGGIORE - MUSOCCO	2.0
2014-03-01 21:00:00	MAGGIORE - MUSOCCO	2.6333333333333333
2014-03-01 22:00:00	MAGGIORE - MUSOCCO	2.533333333333333
2014-03-01 23:00:00	MAGGIORE - MUSOCCO	2.433333333333333
2014-03-02 00:00:00	MAGGIORE - MUSOCCO	1.9666666666666666
2014-03-02 01:00:00	MAGGIORE - MUSOCCO	4.3
2014-03-02 02:00:00	MAGGIORE - MUSOCCO	4.833333333333333
2014-03-02 03:00:00	MAGGIORE - MUSOCCO	4.866666666666666
2014-03-02 04:00:00	MAGGIORE - MUSOCCO	4.9
2014-03-02 05:00:00	MAGGIORE - MUSOCCO	3.5
2014-03-02 06:00:00	MAGGIORE - MUSOCCO	4.166666666666667
2014-03-02 07:00:00	MAGGIORE - MUSOCCO	4.0
2014-03-02 08:00:00	MAGGIORE - MUSOCCO	3.8666666666666667
2014-03-02 09:00:00	MAGGIORE - MUSOCCO	2.0
2014-03-02 10:00:00	MAGGIORE - MUSOCCO	2.0
2014-03-02 11:00:00	MAGGIORE - MUSOCCO	3.2
2014-03-02 12:00:00	MAGGIORE - MUSOCCO	3.2
2014-03-02 13:00:00	MAGGIORE - MUSOCCO	2.533333333333333
2014-03-02 14:00:00	MAGGIORE - MUSOCCO	2.0
2014-03-02 15:00:00	MAGGIORE - MUSOCCO	2.7
2014-03-02 16:00:00	MAGGIORE - MUSOCCO	2.0
2014-03-02 17:00:00	MAGGIORE - MUSOCCO	3.1666666666666665
2014-03-02 18:00:00	MAGGIORE - MUSOCCO	4.533333333333333
2014-03-02 19:00:00	MAGGIORE - MUSOCCO	5.466666666666667
2014-03-02 20:00:00	MAGGIORE - MUSOCCO	5.333333333333333
2014-03-02 21:00:00	MAGGIORE - MUSOCCO	5.066666666666666
2014-03-02 22:00:00	MAGGIORE - MUSOCCO	5.033333333333333
2014-03-02 23:00:00	MAGGIORE - MUSOCCO	6.566666666666666
2014-02-24 00:00:00	MECENATE	3.6666666666666665
2014-02-24 01:00:00	MECENATE	4.0
2014-02-24 02:00:00	MECENATE	4.6
2014-02-24 03:00:00	MECENATE	5.0
2014-02-24 04:00:00	MECENATE	5.166666666666667
2014-02-24 05:00:00	MECENATE	6.0
2014-02-24 06:00:00	MECENATE	5.933333333333334
2014-02-24 07:00:00	MECENATE	4.0
2014-02-24 08:00:00	MECENATE	4.366666666666666
2014-02-24 09:00:00	MECENATE	5.033333333333333
2014-02-24 10:00:00	MECENATE	6.366666666666666
2014-02-24 11:00:00	MECENATE	6.633333333333334
2014-02-24 12:00:00	MECENATE	5.566666666666666
2014-02-24 13:00:00	MECENATE	5.2
2014-02-24 14:00:00	MECENATE	4.1
2014-02-24 15:00:00	MECENATE	2.3
2014-02-24 16:00:00	MECENATE	5.133333333333334
2014-02-24 17:00:00	MECENATE	6.433333333333334
2014-02-24 18:00:00	MECENATE	5.533333333333333
2014-02-24 19:00:00	MECENATE	5.733333333333333
2014-02-24 20:00:00	MECENATE	6.566666666666666
2014-02-24 21:00:00	MECENATE	6.6
2014-02-24 22:00:00	MECENATE	3.6
2014-02-24 23:00:00	MECENATE	5.5
2014-02-25 00:00:00	MECENATE	8.733333333333333
2014-02-25 01:00:00	MECENATE	9.133333333333333
2014-02-25 02:00:00	MECENATE	9.633333333333333
2014-02-25 03:00:00	MECENATE	9.0
2014-02-25 04:00:00	MECENATE	9.0
2014-02-25 05:00:00	MECENATE	8.7
2014-02-25 06:00:00	MECENATE	9.0
2014-02-25 07:00:00	MECENATE	9.0
2014-02-25 08:00:00	MECENATE	8.433333333333334
2014-02-25 09:00:00	MECENATE	7.733333333333333
2014-02-25 10:00:00	MECENATE	8.4
2014-02-25 11:00:00	MECENATE	9.1
2014-02-25 12:00:00	MECENATE	10.733333333333333
2014-02-25 13:00:00	MECENATE	11.0
2014-02-25 14:00:00	MECENATE	10.1
2014-02-25 15:00:00	MECENATE	10.0
2014-02-25 16:00:00	MECENATE	10.3
2014-02-25 17:00:00	MECENATE	10.0
2014-02-25 18:00:00	MECENATE	11.633333333333333
2014-02-25 19:00:00	MECENATE	12.0
2014-02-25 20:00:00	MECENATE	11.8
2014-02-25 21:00:00	MECENATE	10.166666666666666
2014-02-25 22:00:00	MECENATE	9.333333333333334
2014-02-25 23:00:00	MECENATE	9.966666666666667
2014-02-26 00:00:00	MECENATE	12.566666666666666
2014-02-26 01:00:00	MECENATE	13.0
2014-02-26 02:00:00	MECENATE	14.0
2014-02-26 03:00:00	MECENATE	14.033333333333333
2014-02-26 04:00:00	MECENATE	14.2
2014-02-26 05:00:00	MECENATE	14.0
2014-02-26 06:00:00	MECENATE	14.0
2014-02-26 07:00:00	MECENATE	14.3
2014-02-26 08:00:00	MECENATE	14.633333333333333
2014-02-26 09:00:00	MECENATE	14.7
2014-02-26 10:00:00	MECENATE	17.2
2014-02-26 11:00:00	MECENATE	15.266666666666667
2014-02-26 12:00:00	MECENATE	13.2
2014-02-26 13:00:00	MECENATE	10.366666666666667
2014-02-26 14:00:00	MECENATE	10.266666666666667
2014-02-26 15:00:00	MECENATE	11.033333333333333
2014-02-26 16:00:00	MECENATE	11.366666666666667
2014-02-26 17:00:00	MECENATE	14.3
2014-02-26 18:00:00	MECENATE	12.8
2014-02-26 19:00:00	MECENATE	13.033333333333333
2014-02-26 20:00:00	MECENATE	15.066666666666666
2014-02-26 21:00:00	MECENATE	16.633333333333333
2014-02-26 22:00:00	MECENATE	18.533333333333335
2014-02-26 23:00:00	MECENATE	16.5
2014-02-27 00:00:00	MECENATE	16.0
2014-02-27 01:00:00	MECENATE	16.0
2014-02-27 02:00:00	MECENATE	16.0
2014-02-27 03:00:00	MECENATE	16.0
2014-02-27 04:00:00	MECENATE	16.0
2014-02-27 05:00:00	MECENATE	16.0
2014-02-27 06:00:00	MECENATE	15.5
2014-02-27 07:00:00	MECENATE	15.7
2014-02-27 08:00:00	MECENATE	16.0
2014-02-27 09:00:00	MECENATE	17.566666666666666
2014-02-27 10:00:00	MECENATE	17.966666666666665
2014-02-27 11:00:00	MECENATE	21.366666666666667
2014-02-27 12:00:00	MECENATE	21.433333333333334
2014-02-27 13:00:00	MECENATE	20.6
2014-02-27 14:00:00	MECENATE	14.7
2014-02-27 15:00:00	MECENATE	19.066666666666666
2014-02-27 16:00:00	MECENATE	20.6
2014-02-27 17:00:00	MECENATE	20.2
2014-02-27 18:00:00	MECENATE	18.266666666666666
2014-02-27 19:00:00	MECENATE	20.3
2014-02-27 20:00:00	MECENATE	18.466666666666665
2014-02-27 21:00:00	MECENATE	17.9
2014-02-27 22:00:00	MECENATE	15.466666666666667
2014-02-27 23:00:00	MECENATE	17.6
2014-02-28 00:00:00	MECENATE	17.066666666666666
2014-02-28 01:00:00	MECENATE	16.433333333333334
2014-02-28 02:00:00	MECENATE	17.0
2014-02-28 03:00:00	MECENATE	17.0
2014-02-28 04:00:00	MECENATE	16.966666666666665
2014-02-28 05:00:00	MECENATE	15.766666666666667
2014-02-28 06:00:00	MECENATE	14.433333333333334
2014-02-28 07:00:00	MECENATE	13.0
2014-02-28 08:00:00	MECENATE	12.5
2014-02-28 09:00:00	MECENATE	12.866666666666667
2014-02-28 10:00:00	MECENATE	14.533333333333333
2014-02-28 11:00:00	MECENATE	11.133333333333333
2014-02-28 12:00:00	MECENATE	11.066666666666666
2014-02-28 13:00:00	MECENATE	11.366666666666667
2014-02-28 14:00:00	MECENATE	11.1
2014-02-28 15:00:00	MECENATE	9.766666666666667
2014-02-28 16:00:00	MECENATE	10.333333333333334
2014-02-28 17:00:00	MECENATE	9.266666666666667
2014-02-28 18:00:00	MECENATE	7.966666666666667
2014-02-28 19:00:00	MECENATE	8.566666666666666
2014-02-28 20:00:00	MECENATE	8.833333333333334
2014-02-28 21:00:00	MECENATE	8.9
2014-02-28 22:00:00	MECENATE	10.866666666666667
2014-02-28 23:00:00	MECENATE	10.266666666666667
2014-03-01 00:00:00	MECENATE	10.0
2014-03-01 01:00:00	MECENATE	10.033333333333333
2014-03-01 02:00:00	MECENATE	8.833333333333334
2014-03-01 03:00:00	MECENATE	10.4
2014-03-01 04:00:00	MECENATE	11.833333333333334
2014-03-01 05:00:00	MECENATE	10.9
2014-03-01 06:00:00	MECENATE	11.5
2014-03-01 07:00:00	MECENATE	11.2
2014-03-01 08:00:00	MECENATE	10.533333333333333
2014-03-01 09:00:00	MECENATE	9.966666666666667
2014-03-01 10:00:00	MECENATE	9.966666666666667
2014-03-01 11:00:00	MECENATE	9.866666666666667
2014-03-01 12:00:00	MECENATE	9.933333333333334
2014-03-01 13:00:00	MECENATE	10.3
2014-03-01 14:00:00	MECENATE	10.933333333333334
2014-03-01 15:00:00	MECENATE	7.5
2014-03-01 16:00:00	MECENATE	6.933333333333334
2014-03-01 17:00:00	MECENATE	6.466666666666667
2014-03-01 18:00:00	MECENATE	5.366666666666666
2014-03-01 19:00:00	MECENATE	6.3
2014-03-01 20:00:00	MECENATE	6.0
2014-03-01 21:00:00	MECENATE	7.166666666666667
2014-03-01 22:00:00	MECENATE	6.066666666666666
2014-03-01 23:00:00	MECENATE	6.8
2014-03-02 00:00:00	MECENATE	7.466666666666667
2014-03-02 01:00:00	MECENATE	8.233333333333333
2014-03-02 02:00:00	MECENATE	9.866666666666667
2014-03-02 03:00:00	MECENATE	11.466666666666667
2014-03-02 04:00:00	MECENATE	12.966666666666667
2014-03-02 05:00:00	MECENATE	10.4
2014-03-02 06:00:00	MECENATE	11.733333333333333
2014-03-02 07:00:00	MECENATE	10.0
2014-03-02 08:00:00	MECENATE	9.033333333333333
2014-03-02 09:00:00	MECENATE	9.0
2014-03-02 10:00:00	MECENATE	9.0
2014-03-02 11:00:00	MECENATE	9.366666666666667
2014-03-02 12:00:00	MECENATE	9.2
2014-03-02 13:00:00	MECENATE	10.8
2014-03-02 14:00:00	MECENATE	9.133333333333333
2014-03-02 15:00:00	MECENATE	7.066666666666666
2014-03-02 16:00:00	MECENATE	6.5
2014-03-02 17:00:00	MECENATE	8.0
2014-03-02 18:00:00	MECENATE	8.1
2014-03-02 19:00:00	MECENATE	6.833333333333333
2014-03-02 20:00:00	MECENATE	5.4
2014-03-02 21:00:00	MECENATE	5.633333333333334
2014-03-02 22:00:00	MECENATE	4.666666666666667
2014-03-02 23:00:00	MECENATE	5.833333333333333
2014-02-24 00:00:00	MUGGIANO	2.0
2014-02-24 01:00:00	MUGGIANO	2.0
2014-02-24 02:00:00	MUGGIANO	2.0
2014-02-24 03:00:00	MUGGIANO	2.0
2014-02-24 04:00:00	MUGGIANO	2.0
2014-02-24 05:00:00	MUGGIANO	2.0
2014-02-24 06:00:00	MUGGIANO	2.0
2014-02-24 07:00:00	MUGGIANO	2.0
2014-02-24 08:00:00	MUGGIANO	2.0
2014-02-24 09:00:00	MUGGIANO	2.0
2014-02-24 10:00:00	MUGGIANO	2.0
2014-02-24 11:00:00	MUGGIANO	2.0
2014-02-24 12:00:00	MUGGIANO	2.0
2014-02-24 13:00:00	MUGGIANO	2.0
2014-02-24 14:00:00	MUGGIANO	2.433333333333333
2014-02-24 15:00:00	MUGGIANO	3.0
2014-02-24 16:00:00	MUGGIANO	2.3
2014-02-24 17:00:00	MUGGIANO	2.0
2014-02-24 18:00:00	MUGGIANO	1.8
2014-02-24 19:00:00	MUGGIANO	2.0
2014-02-24 20:00:00	MUGGIANO	2.0
2014-02-24 21:00:00	MUGGIANO	2.0
2014-02-24 22:00:00	MUGGIANO	1.0666666666666667
2014-02-24 23:00:00	MUGGIANO	1.6
2014-02-25 00:00:00	MUGGIANO	2.0
2014-02-25 01:00:00	MUGGIANO	2.0
2014-02-25 02:00:00	MUGGIANO	1.9333333333333333
2014-02-25 03:00:00	MUGGIANO	2.0
2014-02-25 04:00:00	MUGGIANO	2.0
2014-02-25 05:00:00	MUGGIANO	1.9333333333333333
2014-02-25 06:00:00	MUGGIANO	2.0
2014-02-25 07:00:00	MUGGIANO	2.0
2014-02-25 08:00:00	MUGGIANO	2.0
2014-02-25 09:00:00	MUGGIANO	2.0
2014-02-25 10:00:00	MUGGIANO	2.0
2014-02-25 11:00:00	MUGGIANO	2.0
2014-02-25 12:00:00	MUGGIANO	2.0
2014-02-25 13:00:00	MUGGIANO	1.9333333333333333
2014-02-25 14:00:00	MUGGIANO	2.0
2014-02-25 15:00:00	MUGGIANO	2.0
2014-02-25 16:00:00	MUGGIANO	2.0
2014-02-25 17:00:00	MUGGIANO	2.0
2014-02-25 18:00:00	MUGGIANO	2.0
2014-02-25 19:00:00	MUGGIANO	2.9
2014-02-25 20:00:00	MUGGIANO	3.0
2014-02-25 21:00:00	MUGGIANO	3.0
2014-02-25 22:00:00	MUGGIANO	3.0
2014-02-25 23:00:00	MUGGIANO	3.0
2014-02-26 00:00:00	MUGGIANO	3.0
2014-02-26 01:00:00	MUGGIANO	3.0
2014-02-26 02:00:00	MUGGIANO	3.0
2014-02-26 03:00:00	MUGGIANO	3.0
2014-02-26 04:00:00	MUGGIANO	3.0
2014-02-26 05:00:00	MUGGIANO	3.0
2014-02-26 06:00:00	MUGGIANO	3.0
2014-02-26 07:00:00	MUGGIANO	3.0
2014-02-26 08:00:00	MUGGIANO	3.0
2014-02-26 09:00:00	MUGGIANO	3.0
2014-02-26 10:00:00	MUGGIANO	3.0
2014-02-26 11:00:00	MUGGIANO	3.0
2014-02-26 12:00:00	MUGGIANO	3.566666666666667
2014-02-26 13:00:00	MUGGIANO	4.0
2014-02-26 14:00:00	MUGGIANO	4.0
2014-02-26 15:00:00	MUGGIANO	4.0
2014-02-26 16:00:00	MUGGIANO	3.3666666666666667
2014-02-26 17:00:00	MUGGIANO	3.0
2014-02-26 18:00:00	MUGGIANO	2.9
2014-02-26 19:00:00	MUGGIANO	3.0
2014-02-26 20:00:00	MUGGIANO	3.0
2014-02-26 21:00:00	MUGGIANO	3.6666666666666665
2014-02-26 22:00:00	MUGGIANO	5.0
2014-02-26 23:00:00	MUGGIANO	5.0
2014-02-27 00:00:00	MUGGIANO	5.0
2014-02-27 01:00:00	MUGGIANO	5.0
2014-02-27 02:00:00	MUGGIANO	5.0
2014-02-27 03:00:00	MUGGIANO	5.0
2014-02-27 04:00:00	MUGGIANO	5.0
2014-02-27 05:00:00	MUGGIANO	5.0
2014-02-27 06:00:00	MUGGIANO	5.0
2014-02-27 07:00:00	MUGGIANO	4.366666666666666
2014-02-27 08:00:00	MUGGIANO	3.0
2014-02-27 09:00:00	MUGGIANO	3.0
2014-02-27 10:00:00	MUGGIANO	3.0
2014-02-27 11:00:00	MUGGIANO	3.0
2014-02-27 12:00:00	MUGGIANO	3.0
2014-02-27 13:00:00	MUGGIANO	3.0
2014-02-27 14:00:00	MUGGIANO	2.6333333333333333
2014-02-27 15:00:00	MUGGIANO	4.0
2014-02-27 16:00:00	MUGGIANO	3.5
2014-02-27 17:00:00	MUGGIANO	3.0
2014-02-27 18:00:00	MUGGIANO	3.0
2014-02-27 19:00:00	MUGGIANO	3.0
2014-02-27 20:00:00	MUGGIANO	3.0
2014-02-27 21:00:00	MUGGIANO	3.0
2014-02-27 22:00:00	MUGGIANO	2.0
2014-02-27 23:00:00	MUGGIANO	2.0
2014-02-28 00:00:00	MUGGIANO	2.0
2014-02-28 01:00:00	MUGGIANO	1.9333333333333333
2014-02-28 02:00:00	MUGGIANO	2.0
2014-02-28 03:00:00	MUGGIANO	2.0
2014-02-28 04:00:00	MUGGIANO	2.0
2014-02-28 05:00:00	MUGGIANO	2.0
2014-02-28 06:00:00	MUGGIANO	2.0
2014-02-28 07:00:00	MUGGIANO	2.0
2014-02-28 08:00:00	MUGGIANO	2.7
2014-02-28 09:00:00	MUGGIANO	3.0
2014-02-28 10:00:00	MUGGIANO	2.8
2014-02-28 11:00:00	MUGGIANO	1.2
2014-02-28 12:00:00	MUGGIANO	1.6
2014-02-28 13:00:00	MUGGIANO	1.0
2014-02-28 14:00:00	MUGGIANO	1.0
2014-02-28 15:00:00	MUGGIANO	0.9
2014-02-28 16:00:00	MUGGIANO	0.26666666666666666
2014-02-28 20:00:00	MUGGIANO	1.0
2014-02-28 21:00:00	MUGGIANO	1.5
2014-02-28 22:00:00	MUGGIANO	2.0
2014-02-28 23:00:00	MUGGIANO	2.0
2014-03-01 00:00:00	MUGGIANO	2.0
2014-03-01 01:00:00	MUGGIANO	2.0
2014-03-01 02:00:00	MUGGIANO	1.5333333333333334
2014-03-01 03:00:00	MUGGIANO	1.7333333333333334
2014-03-01 04:00:00	MUGGIANO	2.0
2014-03-01 05:00:00	MUGGIANO	2.0
2014-03-01 06:00:00	MUGGIANO	2.0
2014-03-01 07:00:00	MUGGIANO	2.0
2014-03-01 08:00:00	MUGGIANO	2.0
2014-03-01 09:00:00	MUGGIANO	2.0
2014-03-01 10:00:00	MUGGIANO	2.0
2014-03-01 11:00:00	MUGGIANO	2.0
2014-03-01 12:00:00	MUGGIANO	2.0
2014-03-01 13:00:00	MUGGIANO	2.0
2014-03-01 14:00:00	MUGGIANO	2.0
2014-03-01 15:00:00	MUGGIANO	2.0
2014-03-01 16:00:00	MUGGIANO	1.4666666666666666
2014-03-01 17:00:00	MUGGIANO	1.0
2014-03-01 18:00:00	MUGGIANO	1.3
2014-03-01 19:00:00	MUGGIANO	2.0
2014-03-01 20:00:00	MUGGIANO	2.0
2014-03-01 21:00:00	MUGGIANO	2.0
2014-03-01 22:00:00	MUGGIANO	2.0
2014-03-01 23:00:00	MUGGIANO	2.0
2014-03-02 00:00:00	MUGGIANO	2.0
2014-03-02 01:00:00	MUGGIANO	2.0
2014-03-02 02:00:00	MUGGIANO	1.9333333333333333
2014-03-02 03:00:00	MUGGIANO	2.0
2014-03-02 04:00:00	MUGGIANO	2.0
2014-03-02 05:00:00	MUGGIANO	1.7333333333333334
2014-03-02 06:00:00	MUGGIANO	2.0
2014-03-02 07:00:00	MUGGIANO	2.0
2014-03-02 08:00:00	MUGGIANO	2.0
2014-03-02 09:00:00	MUGGIANO	2.0
2014-03-02 10:00:00	MUGGIANO	2.0
2014-03-02 11:00:00	MUGGIANO	2.0
2014-03-02 12:00:00	MUGGIANO	2.0
2014-03-02 13:00:00	MUGGIANO	2.0
2014-03-02 14:00:00	MUGGIANO	2.0
2014-03-02 15:00:00	MUGGIANO	2.0
2014-03-02 16:00:00	MUGGIANO	2.0
2014-03-02 17:00:00	MUGGIANO	2.0
2014-03-02 18:00:00	MUGGIANO	2.0
2014-03-02 19:00:00	MUGGIANO	2.0
2014-03-02 20:00:00	MUGGIANO	2.8
2014-03-02 21:00:00	MUGGIANO	3.0
2014-03-02 22:00:00	MUGGIANO	3.0
2014-03-02 23:00:00	MUGGIANO	3.0
2014-02-24 00:00:00	NAVIGLI	2.1
2014-02-24 01:00:00	NAVIGLI	0.13333333333333333
2014-02-24 02:00:00	NAVIGLI	2.7333333333333334
2014-02-24 03:00:00	NAVIGLI	4.0
2014-02-24 04:00:00	NAVIGLI	3.5
2014-02-24 05:00:00	NAVIGLI	4.0
2014-02-24 06:00:00	NAVIGLI	4.0
2014-02-24 07:00:00	NAVIGLI	3.0
2014-02-24 08:00:00	NAVIGLI	2.2333333333333334
2014-02-24 09:00:00	NAVIGLI	2.566666666666667
2014-02-24 10:00:00	NAVIGLI	4.3
2014-02-24 11:00:00	NAVIGLI	2.6
2014-02-24 12:00:00	NAVIGLI	4.6
2014-02-24 13:00:00	NAVIGLI	5.733333333333333
2014-02-24 14:00:00	NAVIGLI	5.233333333333333
2014-02-24 15:00:00	NAVIGLI	6.133333333333334
2014-02-24 16:00:00	NAVIGLI	5.0
2014-02-24 17:00:00	NAVIGLI	3.3333333333333335
2014-02-24 18:00:00	NAVIGLI	1.7666666666666666
2014-02-24 19:00:00	NAVIGLI	1.5333333333333334
2014-02-24 20:00:00	NAVIGLI	2.4
2014-02-24 21:00:00	NAVIGLI	3.8333333333333335
2014-02-24 22:00:00	NAVIGLI	1.9666666666666666
2014-02-24 23:00:00	NAVIGLI	0.9333333333333333
2014-02-25 00:00:00	NAVIGLI	0.23333333333333334
2014-02-25 01:00:00	NAVIGLI	2.966666666666667
2014-02-25 02:00:00	NAVIGLI	1.9333333333333333
2014-02-25 03:00:00	NAVIGLI	2.0
2014-02-25 04:00:00	NAVIGLI	2.0
2014-02-25 05:00:00	NAVIGLI	1.2333333333333334
2014-02-25 06:00:00	NAVIGLI	1.0
2014-02-25 07:00:00	NAVIGLI	1.0
2014-02-25 08:00:00	NAVIGLI	1.2
2014-02-25 09:00:00	NAVIGLI	0.5
2014-02-25 10:00:00	NAVIGLI	2.3666666666666667
2014-02-25 11:00:00	NAVIGLI	1.7666666666666666
2014-02-25 12:00:00	NAVIGLI	0.9333333333333333
2014-02-25 13:00:00	NAVIGLI	5.7
2014-02-25 14:00:00	NAVIGLI	4.733333333333333
2014-02-25 15:00:00	NAVIGLI	3.033333333333333
2014-02-25 16:00:00	NAVIGLI	4.366666666666666
2014-02-25 17:00:00	NAVIGLI	3.5
2014-02-25 18:00:00	NAVIGLI	1.9666666666666666
2014-02-25 19:00:00	NAVIGLI	0.5
2014-02-25 20:00:00	NAVIGLI	0.7
2014-02-25 21:00:00	NAVIGLI	2.3333333333333335
2014-02-25 22:00:00	NAVIGLI	2.2
2014-02-25 23:00:00	NAVIGLI	1.7
2014-02-26 00:00:00	NAVIGLI	1.9666666666666666
2014-02-26 01:00:00	NAVIGLI	4.0
2014-02-26 02:00:00	NAVIGLI	4.7
2014-02-26 03:00:00	NAVIGLI	5.0
2014-02-26 04:00:00	NAVIGLI	5.566666666666666
2014-02-26 05:00:00	NAVIGLI	7.0
2014-02-26 06:00:00	NAVIGLI	5.933333333333334
2014-02-26 07:00:00	NAVIGLI	3.7333333333333334
2014-02-26 08:00:00	NAVIGLI	1.1333333333333333
2014-02-26 09:00:00	NAVIGLI	1.9333333333333333
2014-02-26 10:00:00	NAVIGLI	2.433333333333333
2014-02-26 11:00:00	NAVIGLI	2.2333333333333334
2014-02-26 12:00:00	NAVIGLI	0.8666666666666667
2014-02-26 13:00:00	NAVIGLI	2.466666666666667
2014-02-26 14:00:00	NAVIGLI	3.1
2014-02-26 15:00:00	NAVIGLI	2.3333333333333335
2014-02-26 16:00:00	NAVIGLI	1.1
2014-02-26 17:00:00	NAVIGLI	2.0
2014-02-26 18:00:00	NAVIGLI	2.966666666666667
2014-02-26 19:00:00	NAVIGLI	0.8
2014-02-26 20:00:00	NAVIGLI	0.6333333333333333
2014-02-26 21:00:00	NAVIGLI	0.3333333333333333
2014-02-26 22:00:00	NAVIGLI	0.5
2014-02-26 23:00:00	NAVIGLI	0.5666666666666667
2014-02-27 00:00:00	NAVIGLI	1.5333333333333334
2014-02-27 01:00:00	NAVIGLI	2.933333333333333
2014-02-27 02:00:00	NAVIGLI	0.7333333333333333
2014-02-27 06:00:00	NAVIGLI	0.9666666666666667
2014-02-27 07:00:00	NAVIGLI	1.6666666666666667
2014-02-27 08:00:00	NAVIGLI	0.7666666666666667
2014-02-27 10:00:00	NAVIGLI	0.2
2014-02-27 11:00:00	NAVIGLI	1.2
2014-02-27 12:00:00	NAVIGLI	1.6666666666666667
2014-02-27 13:00:00	NAVIGLI	1.0
2014-02-27 14:00:00	NAVIGLI	1.1
2014-02-27 15:00:00	NAVIGLI	1.3666666666666667
2014-02-27 16:00:00	NAVIGLI	1.7666666666666666
2014-02-27 17:00:00	NAVIGLI	1.8333333333333333
2014-02-27 18:00:00	NAVIGLI	1.2
2014-02-27 19:00:00	NAVIGLI	1.3333333333333333
2014-02-27 20:00:00	NAVIGLI	1.0
2014-02-27 21:00:00	NAVIGLI	1.5333333333333334
2014-02-27 22:00:00	NAVIGLI	1.2666666666666666
2014-02-27 23:00:00	NAVIGLI	1.5
2014-02-28 00:00:00	NAVIGLI	0.3
2014-02-28 01:00:00	NAVIGLI	0.4
2014-02-28 02:00:00	NAVIGLI	1.2
2014-02-28 03:00:00	NAVIGLI	0.6666666666666666
2014-02-28 04:00:00	NAVIGLI	1.9
2014-02-28 05:00:00	NAVIGLI	1.1666666666666667
2014-02-28 06:00:00	NAVIGLI	1.7
2014-02-28 07:00:00	NAVIGLI	0.5
2014-02-28 08:00:00	NAVIGLI	0.3333333333333333
2014-02-28 09:00:00	NAVIGLI	1.6
2014-02-28 10:00:00	NAVIGLI	0.9333333333333333
2014-02-28 11:00:00	NAVIGLI	0.6333333333333333
2014-02-28 12:00:00	NAVIGLI	1.8666666666666667
2014-02-28 13:00:00	NAVIGLI	2.033333333333333
2014-02-28 14:00:00	NAVIGLI	0.9
2014-02-28 15:00:00	NAVIGLI	0.13333333333333333
2014-02-28 16:00:00	NAVIGLI	1.4333333333333333
2014-02-28 17:00:00	NAVIGLI	2.033333333333333
2014-02-28 18:00:00	NAVIGLI	1.0666666666666667
2014-02-28 19:00:00	NAVIGLI	0.7
2014-02-28 20:00:00	NAVIGLI	1.3
2014-02-28 21:00:00	NAVIGLI	1.6666666666666667
2014-02-28 22:00:00	NAVIGLI	2.3333333333333335
2014-02-28 23:00:00	NAVIGLI	1.4
2014-03-01 00:00:00	NAVIGLI	0.4666666666666667
2014-03-01 01:00:00	NAVIGLI	0.4
2014-03-01 02:00:00	NAVIGLI	0.06666666666666667
2014-03-01 03:00:00	NAVIGLI	0.26666666666666666
2014-03-01 04:00:00	NAVIGLI	0.36666666666666664
2014-03-01 05:00:00	NAVIGLI	3.7666666666666666
2014-03-01 06:00:00	NAVIGLI	7.166666666666667
2014-03-01 07:00:00	NAVIGLI	8.766666666666667
2014-03-01 08:00:00	NAVIGLI	6.766666666666667
2014-03-01 09:00:00	NAVIGLI	3.6333333333333333
2014-03-01 10:00:00	NAVIGLI	1.8
2014-03-01 11:00:00	NAVIGLI	0.6666666666666666
2014-03-01 12:00:00	NAVIGLI	3.6666666666666665
2014-03-01 13:00:00	NAVIGLI	3.1666666666666665
2014-03-01 14:00:00	NAVIGLI	0.8
2014-03-01 15:00:00	NAVIGLI	0.8666666666666667
2014-03-01 16:00:00	NAVIGLI	2.066666666666667
2014-03-01 17:00:00	NAVIGLI	1.7666666666666666
2014-03-01 18:00:00	NAVIGLI	2.2666666666666666
2014-03-01 19:00:00	NAVIGLI	1.8666666666666667
2014-03-01 20:00:00	NAVIGLI	0.6
2014-03-01 21:00:00	NAVIGLI	1.3666666666666667
2014-03-01 22:00:00	NAVIGLI	2.1333333333333333
2014-03-01 23:00:00	NAVIGLI	2.7
2014-03-02 00:00:00	NAVIGLI	1.3
2014-03-02 01:00:00	NAVIGLI	1.0
2014-03-02 02:00:00	NAVIGLI	0.4
2014-03-02 03:00:00	NAVIGLI	0.1
2014-03-02 04:00:00	NAVIGLI	2.3
2014-03-02 05:00:00	NAVIGLI	3.8
2014-03-02 06:00:00	NAVIGLI	3.2666666666666666
2014-03-02 07:00:00	NAVIGLI	2.966666666666667
2014-03-02 08:00:00	NAVIGLI	2.4
2014-03-02 09:00:00	NAVIGLI	1.4666666666666666
2014-03-02 10:00:00	NAVIGLI	0.5
2014-03-02 11:00:00	NAVIGLI	0.26666666666666666
2014-03-02 12:00:00	NAVIGLI	0.3333333333333333
2014-03-02 13:00:00	NAVIGLI	0.36666666666666664
2014-03-02 14:00:00	NAVIGLI	1.0333333333333334
2014-03-02 15:00:00	NAVIGLI	0.8666666666666667
2014-03-02 16:00:00	NAVIGLI	0.1
2014-03-02 17:00:00	NAVIGLI	0.43333333333333335
2014-03-02 18:00:00	NAVIGLI	0.5333333333333333
2014-03-02 19:00:00	NAVIGLI	1.3666666666666667
2014-03-02 20:00:00	NAVIGLI	1.9666666666666666
2014-03-02 21:00:00	NAVIGLI	3.6666666666666665
2014-03-02 22:00:00	NAVIGLI	3.2666666666666666
2014-03-02 23:00:00	NAVIGLI	0.8666666666666667
2014-02-24 00:00:00	NIGUARDA - CA' GRANDA	13.433333333333334
2014-02-24 01:00:00	NIGUARDA - CA' GRANDA	13.0
2014-02-24 02:00:00	NIGUARDA - CA' GRANDA	13.966666666666667
2014-02-24 03:00:00	NIGUARDA - CA' GRANDA	14.0
2014-02-24 04:00:00	NIGUARDA - CA' GRANDA	13.966666666666667
2014-02-24 05:00:00	NIGUARDA - CA' GRANDA	13.0
2014-02-24 06:00:00	NIGUARDA - CA' GRANDA	13.966666666666667
2014-02-24 07:00:00	NIGUARDA - CA' GRANDA	11.666666666666666
2014-02-24 08:00:00	NIGUARDA - CA' GRANDA	13.9
2014-02-24 09:00:00	NIGUARDA - CA' GRANDA	14.666666666666666
2014-02-24 10:00:00	NIGUARDA - CA' GRANDA	14.066666666666666
2014-02-24 11:00:00	NIGUARDA - CA' GRANDA	14.266666666666667
2014-02-24 12:00:00	NIGUARDA - CA' GRANDA	13.466666666666667
2014-02-24 13:00:00	NIGUARDA - CA' GRANDA	12.433333333333334
2014-02-24 14:00:00	NIGUARDA - CA' GRANDA	12.366666666666667
2014-02-24 15:00:00	NIGUARDA - CA' GRANDA	11.7
2014-02-24 16:00:00	NIGUARDA - CA' GRANDA	13.8
2014-02-24 17:00:00	NIGUARDA - CA' GRANDA	12.2
2014-02-24 18:00:00	NIGUARDA - CA' GRANDA	11.033333333333333
2014-02-24 19:00:00	NIGUARDA - CA' GRANDA	10.133333333333333
2014-02-24 20:00:00	NIGUARDA - CA' GRANDA	9.4
2014-02-24 21:00:00	NIGUARDA - CA' GRANDA	9.366666666666667
2014-02-24 22:00:00	NIGUARDA - CA' GRANDA	5.5
2014-02-24 23:00:00	NIGUARDA - CA' GRANDA	9.5
2014-02-25 00:00:00	NIGUARDA - CA' GRANDA	10.7
2014-02-25 01:00:00	NIGUARDA - CA' GRANDA	11.0
2014-02-25 02:00:00	NIGUARDA - CA' GRANDA	10.966666666666667
2014-02-25 03:00:00	NIGUARDA - CA' GRANDA	12.0
2014-02-25 04:00:00	NIGUARDA - CA' GRANDA	11.533333333333333
2014-02-25 05:00:00	NIGUARDA - CA' GRANDA	10.566666666666666
2014-02-25 06:00:00	NIGUARDA - CA' GRANDA	10.1
2014-02-25 07:00:00	NIGUARDA - CA' GRANDA	9.0
2014-02-25 08:00:00	NIGUARDA - CA' GRANDA	8.366666666666667
2014-02-25 09:00:00	NIGUARDA - CA' GRANDA	10.666666666666666
2014-02-25 10:00:00	NIGUARDA - CA' GRANDA	10.033333333333333
2014-02-25 11:00:00	NIGUARDA - CA' GRANDA	10.0
2014-02-25 12:00:00	NIGUARDA - CA' GRANDA	9.333333333333334
2014-02-25 13:00:00	NIGUARDA - CA' GRANDA	9.066666666666666
2014-02-25 14:00:00	NIGUARDA - CA' GRANDA	11.1
2014-02-25 15:00:00	NIGUARDA - CA' GRANDA	10.7
2014-02-25 16:00:00	NIGUARDA - CA' GRANDA	12.733333333333333
2014-02-25 17:00:00	NIGUARDA - CA' GRANDA	11.5
2014-02-25 18:00:00	NIGUARDA - CA' GRANDA	7.6
2014-02-25 19:00:00	NIGUARDA - CA' GRANDA	6.266666666666667
2014-02-25 20:00:00	NIGUARDA - CA' GRANDA	6.666666666666667
2014-02-25 21:00:00	NIGUARDA - CA' GRANDA	7.666666666666667
2014-02-25 22:00:00	NIGUARDA - CA' GRANDA	8.433333333333334
2014-02-25 23:00:00	NIGUARDA - CA' GRANDA	10.266666666666667
2014-02-26 00:00:00	NIGUARDA - CA' GRANDA	10.1
2014-02-26 01:00:00	NIGUARDA - CA' GRANDA	9.366666666666667
2014-02-26 02:00:00	NIGUARDA - CA' GRANDA	10.0
2014-02-26 03:00:00	NIGUARDA - CA' GRANDA	10.0
2014-02-26 04:00:00	NIGUARDA - CA' GRANDA	9.5
2014-02-26 05:00:00	NIGUARDA - CA' GRANDA	9.0
2014-02-26 06:00:00	NIGUARDA - CA' GRANDA	10.366666666666667
2014-02-26 07:00:00	NIGUARDA - CA' GRANDA	8.566666666666666
2014-02-26 08:00:00	NIGUARDA - CA' GRANDA	9.7
2014-02-26 09:00:00	NIGUARDA - CA' GRANDA	11.2
2014-02-26 10:00:00	NIGUARDA - CA' GRANDA	13.4
2014-02-26 11:00:00	NIGUARDA - CA' GRANDA	10.966666666666667
2014-02-26 12:00:00	NIGUARDA - CA' GRANDA	8.9
2014-02-26 13:00:00	NIGUARDA - CA' GRANDA	8.666666666666666
2014-02-26 14:00:00	NIGUARDA - CA' GRANDA	8.633333333333333
2014-02-26 15:00:00	NIGUARDA - CA' GRANDA	8.3
2014-02-26 16:00:00	NIGUARDA - CA' GRANDA	7.533333333333333
2014-02-26 17:00:00	NIGUARDA - CA' GRANDA	6.933333333333334
2014-02-26 18:00:00	NIGUARDA - CA' GRANDA	6.133333333333334
2014-02-26 19:00:00	NIGUARDA - CA' GRANDA	4.566666666666666
2014-02-26 20:00:00	NIGUARDA - CA' GRANDA	4.733333333333333
2014-02-26 21:00:00	NIGUARDA - CA' GRANDA	4.866666666666666
2014-02-26 22:00:00	NIGUARDA - CA' GRANDA	7.033333333333333
2014-02-26 23:00:00	NIGUARDA - CA' GRANDA	6.533333333333333
2014-02-27 00:00:00	NIGUARDA - CA' GRANDA	6.533333333333333
2014-02-27 01:00:00	NIGUARDA - CA' GRANDA	7.3
2014-02-27 02:00:00	NIGUARDA - CA' GRANDA	9.5
2014-02-27 03:00:00	NIGUARDA - CA' GRANDA	10.0
2014-02-27 04:00:00	NIGUARDA - CA' GRANDA	9.066666666666666
2014-02-27 05:00:00	NIGUARDA - CA' GRANDA	8.533333333333333
2014-02-27 06:00:00	NIGUARDA - CA' GRANDA	9.633333333333333
2014-02-27 07:00:00	NIGUARDA - CA' GRANDA	8.9
2014-02-27 08:00:00	NIGUARDA - CA' GRANDA	7.333333333333333
2014-02-27 09:00:00	NIGUARDA - CA' GRANDA	7.7
2014-02-27 10:00:00	NIGUARDA - CA' GRANDA	7.0
2014-02-27 11:00:00	NIGUARDA - CA' GRANDA	6.033333333333333
2014-02-27 12:00:00	NIGUARDA - CA' GRANDA	5.033333333333333
2014-02-27 13:00:00	NIGUARDA - CA' GRANDA	7.466666666666667
2014-02-27 14:00:00	NIGUARDA - CA' GRANDA	5.1
2014-02-27 15:00:00	NIGUARDA - CA' GRANDA	5.733333333333333
2014-02-27 16:00:00	NIGUARDA - CA' GRANDA	4.166666666666667
2014-02-27 17:00:00	NIGUARDA - CA' GRANDA	6.0
2014-02-27 18:00:00	NIGUARDA - CA' GRANDA	6.8
2014-02-27 19:00:00	NIGUARDA - CA' GRANDA	8.4
2014-02-27 20:00:00	NIGUARDA - CA' GRANDA	8.8
2014-02-27 21:00:00	NIGUARDA - CA' GRANDA	8.233333333333333
2014-02-27 22:00:00	NIGUARDA - CA' GRANDA	6.966666666666667
2014-02-27 23:00:00	NIGUARDA - CA' GRANDA	9.166666666666666
2014-02-28 00:00:00	NIGUARDA - CA' GRANDA	9.933333333333334
2014-02-28 01:00:00	NIGUARDA - CA' GRANDA	12.533333333333333
2014-02-28 02:00:00	NIGUARDA - CA' GRANDA	15.033333333333333
2014-02-28 03:00:00	NIGUARDA - CA' GRANDA	18.0
2014-02-28 04:00:00	NIGUARDA - CA' GRANDA	17.466666666666665
2014-02-28 05:00:00	NIGUARDA - CA' GRANDA	16.866666666666667
2014-02-28 06:00:00	NIGUARDA - CA' GRANDA	18.3
2014-02-28 07:00:00	NIGUARDA - CA' GRANDA	19.0
2014-02-28 08:00:00	NIGUARDA - CA' GRANDA	17.9
2014-02-28 09:00:00	NIGUARDA - CA' GRANDA	16.866666666666667
2014-02-28 10:00:00	NIGUARDA - CA' GRANDA	14.766666666666667
2014-02-28 11:00:00	NIGUARDA - CA' GRANDA	14.7
2014-02-28 12:00:00	NIGUARDA - CA' GRANDA	15.266666666666667
2014-02-28 13:00:00	NIGUARDA - CA' GRANDA	13.233333333333333
2014-02-28 14:00:00	NIGUARDA - CA' GRANDA	11.633333333333333
2014-02-28 15:00:00	NIGUARDA - CA' GRANDA	9.3
2014-02-28 16:00:00	NIGUARDA - CA' GRANDA	9.733333333333333
2014-02-28 17:00:00	NIGUARDA - CA' GRANDA	10.366666666666667
2014-02-28 18:00:00	NIGUARDA - CA' GRANDA	9.366666666666667
2014-02-28 19:00:00	NIGUARDA - CA' GRANDA	10.166666666666666
2014-02-28 20:00:00	NIGUARDA - CA' GRANDA	12.633333333333333
2014-02-28 21:00:00	NIGUARDA - CA' GRANDA	11.333333333333334
2014-02-28 22:00:00	NIGUARDA - CA' GRANDA	10.833333333333334
2014-02-28 23:00:00	NIGUARDA - CA' GRANDA	9.1
2014-03-01 00:00:00	NIGUARDA - CA' GRANDA	11.433333333333334
2014-03-01 01:00:00	NIGUARDA - CA' GRANDA	12.633333333333333
2014-03-01 02:00:00	NIGUARDA - CA' GRANDA	9.833333333333334
2014-03-01 03:00:00	NIGUARDA - CA' GRANDA	11.533333333333333
2014-03-01 04:00:00	NIGUARDA - CA' GRANDA	14.666666666666666
2014-03-01 05:00:00	NIGUARDA - CA' GRANDA	14.366666666666667
2014-03-01 06:00:00	NIGUARDA - CA' GRANDA	16.166666666666668
2014-03-01 07:00:00	NIGUARDA - CA' GRANDA	15.9
2014-03-01 08:00:00	NIGUARDA - CA' GRANDA	15.9
2014-03-01 09:00:00	NIGUARDA - CA' GRANDA	13.966666666666667
2014-03-01 10:00:00	NIGUARDA - CA' GRANDA	12.733333333333333
2014-03-01 11:00:00	NIGUARDA - CA' GRANDA	11.033333333333333
2014-03-01 12:00:00	NIGUARDA - CA' GRANDA	7.6
2014-03-01 13:00:00	NIGUARDA - CA' GRANDA	5.633333333333334
2014-03-01 14:00:00	NIGUARDA - CA' GRANDA	7.8
2014-03-01 15:00:00	NIGUARDA - CA' GRANDA	7.333333333333333
2014-03-01 16:00:00	NIGUARDA - CA' GRANDA	6.666666666666667
2014-03-01 17:00:00	NIGUARDA - CA' GRANDA	5.766666666666667
2014-03-01 18:00:00	NIGUARDA - CA' GRANDA	7.3
2014-03-01 19:00:00	NIGUARDA - CA' GRANDA	7.766666666666667
2014-03-01 20:00:00	NIGUARDA - CA' GRANDA	10.766666666666667
2014-03-01 21:00:00	NIGUARDA - CA' GRANDA	11.366666666666667
2014-03-01 22:00:00	NIGUARDA - CA' GRANDA	10.133333333333333
2014-03-01 23:00:00	NIGUARDA - CA' GRANDA	7.433333333333334
2014-03-02 00:00:00	NIGUARDA - CA' GRANDA	5.2
2014-03-02 01:00:00	NIGUARDA - CA' GRANDA	5.033333333333333
2014-03-02 02:00:00	NIGUARDA - CA' GRANDA	6.633333333333334
2014-03-02 03:00:00	NIGUARDA - CA' GRANDA	9.033333333333333
2014-03-02 04:00:00	NIGUARDA - CA' GRANDA	9.433333333333334
2014-03-02 05:00:00	NIGUARDA - CA' GRANDA	9.5
2014-03-02 06:00:00	NIGUARDA - CA' GRANDA	11.266666666666667
2014-03-02 07:00:00	NIGUARDA - CA' GRANDA	13.0
2014-03-02 08:00:00	NIGUARDA - CA' GRANDA	12.066666666666666
2014-03-02 09:00:00	NIGUARDA - CA' GRANDA	11.766666666666667
2014-03-02 10:00:00	NIGUARDA - CA' GRANDA	12.666666666666666
2014-03-02 11:00:00	NIGUARDA - CA' GRANDA	11.933333333333334
2014-03-02 12:00:00	NIGUARDA - CA' GRANDA	11.233333333333333
2014-03-02 13:00:00	NIGUARDA - CA' GRANDA	10.633333333333333
2014-03-02 14:00:00	NIGUARDA - CA' GRANDA	9.466666666666667
2014-03-02 15:00:00	NIGUARDA - CA' GRANDA	8.6
2014-03-02 16:00:00	NIGUARDA - CA' GRANDA	13.8
2014-03-02 17:00:00	NIGUARDA - CA' GRANDA	13.566666666666666
2014-03-02 18:00:00	NIGUARDA - CA' GRANDA	13.9
2014-03-02 19:00:00	NIGUARDA - CA' GRANDA	13.266666666666667
2014-03-02 20:00:00	NIGUARDA - CA' GRANDA	12.6
2014-03-02 21:00:00	NIGUARDA - CA' GRANDA	12.966666666666667
2014-03-02 22:00:00	NIGUARDA - CA' GRANDA	13.166666666666666
2014-03-02 23:00:00	NIGUARDA - CA' GRANDA	10.4
2014-02-24 00:00:00	ORTOMERCATO	1.0
2014-02-24 01:00:00	ORTOMERCATO	1.0
2014-02-24 02:00:00	ORTOMERCATO	1.0
2014-02-24 03:00:00	ORTOMERCATO	1.0
2014-02-24 04:00:00	ORTOMERCATO	1.0
2014-02-24 05:00:00	ORTOMERCATO	1.0
2014-02-24 06:00:00	ORTOMERCATO	1.0
2014-02-24 07:00:00	ORTOMERCATO	1.0
2014-02-24 08:00:00	ORTOMERCATO	0.7666666666666667
2014-02-24 15:00:00	ORTOMERCATO	0.7666666666666667
2014-02-24 16:00:00	ORTOMERCATO	0.06666666666666667
2014-02-24 20:00:00	ORTOMERCATO	0.3
2014-02-24 21:00:00	ORTOMERCATO	0.26666666666666666
2014-02-25 08:00:00	ORTOMERCATO	0.5
2014-02-25 20:00:00	ORTOMERCATO	0.8
2014-02-25 21:00:00	ORTOMERCATO	0.4
2014-02-25 23:00:00	ORTOMERCATO	0.03333333333333333
2014-02-26 00:00:00	ORTOMERCATO	0.8666666666666667
2014-02-26 01:00:00	ORTOMERCATO	1.3333333333333333
2014-02-26 02:00:00	ORTOMERCATO	2.0
2014-02-26 03:00:00	ORTOMERCATO	2.0
2014-02-26 04:00:00	ORTOMERCATO	2.0
2014-02-26 05:00:00	ORTOMERCATO	2.0
2014-02-26 06:00:00	ORTOMERCATO	2.0
2014-02-26 07:00:00	ORTOMERCATO	1.7
2014-02-26 08:00:00	ORTOMERCATO	0.7333333333333333
2014-02-26 19:00:00	ORTOMERCATO	0.9333333333333333
2014-02-26 20:00:00	ORTOMERCATO	1.0
2014-02-26 21:00:00	ORTOMERCATO	0.7
2014-02-26 22:00:00	ORTOMERCATO	0.5
2014-02-26 23:00:00	ORTOMERCATO	0.4666666666666667
2014-02-27 19:00:00	ORTOMERCATO	0.9666666666666667
2014-02-27 20:00:00	ORTOMERCATO	1.0333333333333334
2014-02-27 21:00:00	ORTOMERCATO	0.4
2014-02-27 22:00:00	ORTOMERCATO	0.3333333333333333
2014-02-28 13:00:00	ORTOMERCATO	0.5
2014-02-28 14:00:00	ORTOMERCATO	1.0
2014-02-28 15:00:00	ORTOMERCATO	1.0
2014-02-28 16:00:00	ORTOMERCATO	1.8333333333333333
2014-02-28 17:00:00	ORTOMERCATO	1.9
2014-02-28 18:00:00	ORTOMERCATO	0.06666666666666667
2014-02-28 19:00:00	ORTOMERCATO	0.13333333333333333
2014-02-28 22:00:00	ORTOMERCATO	0.16666666666666666
2014-02-28 23:00:00	ORTOMERCATO	0.26666666666666666
2014-03-01 09:00:00	ORTOMERCATO	0.43333333333333335
2014-03-01 10:00:00	ORTOMERCATO	1.7
2014-03-01 11:00:00	ORTOMERCATO	1.0
2014-03-01 12:00:00	ORTOMERCATO	1.0
2014-03-01 13:00:00	ORTOMERCATO	0.6666666666666666
2014-03-01 14:00:00	ORTOMERCATO	1.0
2014-03-01 15:00:00	ORTOMERCATO	1.0
2014-03-01 16:00:00	ORTOMERCATO	1.0
2014-03-01 17:00:00	ORTOMERCATO	1.0
2014-03-01 18:00:00	ORTOMERCATO	1.1666666666666667
2014-03-01 19:00:00	ORTOMERCATO	1.0
2014-03-01 20:00:00	ORTOMERCATO	0.36666666666666664
2014-03-02 14:00:00	ORTOMERCATO	0.4666666666666667
2014-03-02 15:00:00	ORTOMERCATO	0.5
2014-03-02 16:00:00	ORTOMERCATO	0.8
2014-03-02 17:00:00	ORTOMERCATO	1.6
2014-03-02 18:00:00	ORTOMERCATO	1.0
2014-03-02 19:00:00	ORTOMERCATO	0.9333333333333333
2014-03-02 23:00:00	ORTOMERCATO	0.36666666666666664
2014-02-24 00:00:00	PADOVA	7.5
2014-02-24 01:00:00	PADOVA	9.0
2014-02-24 02:00:00	PADOVA	9.0
2014-02-24 03:00:00	PADOVA	9.0
2014-02-24 04:00:00	PADOVA	9.0
2014-02-24 05:00:00	PADOVA	9.0
2014-02-24 06:00:00	PADOVA	9.0
2014-02-24 07:00:00	PADOVA	9.666666666666666
2014-02-24 08:00:00	PADOVA	9.7
2014-02-24 09:00:00	PADOVA	8.166666666666666
2014-02-24 10:00:00	PADOVA	7.0
2014-02-24 11:00:00	PADOVA	5.6
2014-02-24 12:00:00	PADOVA	5.5
2014-02-24 13:00:00	PADOVA	4.433333333333334
2014-02-24 14:00:00	PADOVA	4.5
2014-02-24 15:00:00	PADOVA	3.933333333333333
2014-02-24 16:00:00	PADOVA	3.2333333333333334
2014-02-24 17:00:00	PADOVA	2.1666666666666665
2014-02-24 18:00:00	PADOVA	3.6666666666666665
2014-02-24 19:00:00	PADOVA	2.8333333333333335
2014-02-24 20:00:00	PADOVA	1.3
2014-02-24 21:00:00	PADOVA	1.9333333333333333
2014-02-24 22:00:00	PADOVA	1.1
2014-02-24 23:00:00	PADOVA	2.2666666666666666
2014-02-25 00:00:00	PADOVA	2.2666666666666666
2014-02-25 01:00:00	PADOVA	3.0
2014-02-25 02:00:00	PADOVA	2.9
2014-02-25 03:00:00	PADOVA	3.7
2014-02-25 04:00:00	PADOVA	4.0
2014-02-25 05:00:00	PADOVA	3.8666666666666667
2014-02-25 06:00:00	PADOVA	4.0
2014-02-25 07:00:00	PADOVA	2.7333333333333334
2014-02-25 08:00:00	PADOVA	1.8
2014-02-25 09:00:00	PADOVA	1.7333333333333334
2014-02-25 10:00:00	PADOVA	6.166666666666667
2014-02-25 11:00:00	PADOVA	5.766666666666667
2014-02-25 12:00:00	PADOVA	4.933333333333334
2014-02-25 13:00:00	PADOVA	4.966666666666667
2014-02-25 14:00:00	PADOVA	4.733333333333333
2014-02-25 15:00:00	PADOVA	3.433333333333333
2014-02-25 16:00:00	PADOVA	1.9
2014-02-25 17:00:00	PADOVA	2.0
2014-02-25 18:00:00	PADOVA	2.5
2014-02-25 19:00:00	PADOVA	3.2
2014-02-25 20:00:00	PADOVA	4.7
2014-02-25 21:00:00	PADOVA	6.566666666666666
2014-02-25 22:00:00	PADOVA	6.6
2014-02-25 23:00:00	PADOVA	7.066666666666666
2014-02-26 00:00:00	PADOVA	6.266666666666667
2014-02-26 01:00:00	PADOVA	8.066666666666666
2014-02-26 02:00:00	PADOVA	8.0
2014-02-26 03:00:00	PADOVA	8.0
2014-02-26 04:00:00	PADOVA	8.0
2014-02-26 05:00:00	PADOVA	8.0
2014-02-26 06:00:00	PADOVA	8.0
2014-02-26 07:00:00	PADOVA	7.733333333333333
2014-02-26 08:00:00	PADOVA	6.433333333333334
2014-02-26 09:00:00	PADOVA	2.2666666666666666
2014-02-26 10:00:00	PADOVA	1.3666666666666667
2014-02-26 11:00:00	PADOVA	2.2
2014-02-26 12:00:00	PADOVA	3.1333333333333333
2014-02-26 13:00:00	PADOVA	2.5
2014-02-26 14:00:00	PADOVA	1.6666666666666667
2014-02-26 15:00:00	PADOVA	1.3666666666666667
2014-02-26 16:00:00	PADOVA	1.7333333333333334
2014-02-26 17:00:00	PADOVA	4.0
2014-02-26 18:00:00	PADOVA	3.8666666666666667
2014-02-26 19:00:00	PADOVA	3.0
2014-02-26 20:00:00	PADOVA	0.9333333333333333
2014-02-26 21:00:00	PADOVA	4.566666666666666
2014-02-26 22:00:00	PADOVA	7.1
2014-02-26 23:00:00	PADOVA	5.5
2014-02-27 00:00:00	PADOVA	6.666666666666667
2014-02-27 01:00:00	PADOVA	7.633333333333334
2014-02-27 02:00:00	PADOVA	9.3
2014-02-27 03:00:00	PADOVA	9.633333333333333
2014-02-27 04:00:00	PADOVA	10.0
2014-02-27 05:00:00	PADOVA	9.066666666666666
2014-02-27 06:00:00	PADOVA	7.233333333333333
2014-02-27 07:00:00	PADOVA	6.933333333333334
2014-02-27 08:00:00	PADOVA	2.8666666666666667
2014-02-27 09:00:00	PADOVA	0.4
2014-02-27 11:00:00	PADOVA	1.0
2014-02-27 12:00:00	PADOVA	1.2333333333333334
2014-02-27 13:00:00	PADOVA	1.0
2014-02-27 14:00:00	PADOVA	0.7333333333333333
2014-02-27 15:00:00	PADOVA	1.6
2014-02-27 16:00:00	PADOVA	2.1666666666666665
2014-02-27 17:00:00	PADOVA	5.0
2014-02-27 18:00:00	PADOVA	7.566666666666666
2014-02-27 19:00:00	PADOVA	6.266666666666667
2014-02-27 20:00:00	PADOVA	7.3
2014-02-27 21:00:00	PADOVA	7.533333333333333
2014-02-27 22:00:00	PADOVA	7.133333333333334
2014-02-27 23:00:00	PADOVA	6.833333333333333
2014-02-28 00:00:00	PADOVA	7.666666666666667
2014-02-28 01:00:00	PADOVA	9.333333333333334
2014-02-28 02:00:00	PADOVA	9.3
2014-02-28 03:00:00	PADOVA	9.0
2014-02-28 04:00:00	PADOVA	9.0
2014-02-28 05:00:00	PADOVA	9.0
2014-02-28 06:00:00	PADOVA	9.766666666666667
2014-02-28 07:00:00	PADOVA	9.3
2014-02-28 08:00:00	PADOVA	6.833333333333333
2014-02-28 09:00:00	PADOVA	5.9
2014-02-28 10:00:00	PADOVA	3.7333333333333334
2014-02-28 11:00:00	PADOVA	3.033333333333333
2014-02-28 12:00:00	PADOVA	4.3
2014-02-28 13:00:00	PADOVA	4.833333333333333
2014-02-28 14:00:00	PADOVA	6.533333333333333
2014-02-28 15:00:00	PADOVA	9.2
2014-02-28 16:00:00	PADOVA	10.0
2014-02-28 17:00:00	PADOVA	9.433333333333334
2014-02-28 18:00:00	PADOVA	8.733333333333333
2014-02-28 19:00:00	PADOVA	8.666666666666666
2014-02-28 20:00:00	PADOVA	7.633333333333334
2014-02-28 21:00:00	PADOVA	9.0
2014-02-28 22:00:00	PADOVA	10.566666666666666
2014-02-28 23:00:00	PADOVA	8.6
2014-03-01 00:00:00	PADOVA	8.666666666666666
2014-03-01 01:00:00	PADOVA	9.233333333333333
2014-03-01 02:00:00	PADOVA	8.3
2014-03-01 03:00:00	PADOVA	9.533333333333333
2014-03-01 04:00:00	PADOVA	10.466666666666667
2014-03-01 05:00:00	PADOVA	11.366666666666667
2014-03-01 06:00:00	PADOVA	11.5
2014-03-01 07:00:00	PADOVA	10.4
2014-03-01 08:00:00	PADOVA	8.633333333333333
2014-03-01 09:00:00	PADOVA	7.033333333333333
2014-03-01 10:00:00	PADOVA	5.233333333333333
2014-03-01 11:00:00	PADOVA	5.5
2014-03-01 12:00:00	PADOVA	5.666666666666667
2014-03-01 13:00:00	PADOVA	7.133333333333334
2014-03-01 14:00:00	PADOVA	6.6
2014-03-01 15:00:00	PADOVA	5.1
2014-03-01 16:00:00	PADOVA	3.1
2014-03-01 17:00:00	PADOVA	1.5333333333333334
2014-03-01 18:00:00	PADOVA	1.5666666666666667
2014-03-01 19:00:00	PADOVA	1.4
2014-03-01 20:00:00	PADOVA	1.2333333333333334
2014-03-01 21:00:00	PADOVA	1.9666666666666666
2014-03-01 22:00:00	PADOVA	3.1666666666666665
2014-03-01 23:00:00	PADOVA	1.8
2014-03-02 00:00:00	PADOVA	0.7333333333333333
2014-03-02 01:00:00	PADOVA	2.7666666666666666
2014-03-02 02:00:00	PADOVA	3.433333333333333
2014-03-02 03:00:00	PADOVA	5.2
2014-03-02 04:00:00	PADOVA	5.3
2014-03-02 05:00:00	PADOVA	4.333333333333333
2014-03-02 06:00:00	PADOVA	5.766666666666667
2014-03-02 07:00:00	PADOVA	7.0
2014-03-02 08:00:00	PADOVA	6.3
2014-03-02 09:00:00	PADOVA	4.766666666666667
2014-03-02 10:00:00	PADOVA	4.0
2014-03-02 11:00:00	PADOVA	4.466666666666667
2014-03-02 12:00:00	PADOVA	4.433333333333334
2014-03-02 13:00:00	PADOVA	4.3
2014-03-02 14:00:00	PADOVA	4.033333333333333
2014-03-02 15:00:00	PADOVA	3.3333333333333335
2014-03-02 16:00:00	PADOVA	3.7
2014-03-02 17:00:00	PADOVA	3.8333333333333335
2014-03-02 18:00:00	PADOVA	3.2333333333333334
2014-03-02 19:00:00	PADOVA	3.0
2014-03-02 20:00:00	PADOVA	4.066666666666666
2014-03-02 21:00:00	PADOVA	3.2
2014-03-02 22:00:00	PADOVA	2.2
2014-03-02 23:00:00	PADOVA	2.2
2014-02-24 00:00:00	PAGANO	0.3333333333333333
2014-02-24 01:00:00	PAGANO	0.2
2014-02-24 02:00:00	PAGANO	0.7666666666666667
2014-02-24 03:00:00	PAGANO	1.2666666666666666
2014-02-24 04:00:00	PAGANO	1.0666666666666667
2014-02-24 05:00:00	PAGANO	1.0
2014-02-24 06:00:00	PAGANO	0.16666666666666666
2014-02-24 08:00:00	PAGANO	0.06666666666666667
2014-02-24 09:00:00	PAGANO	1.7
2014-02-24 10:00:00	PAGANO	6.066666666666666
2014-02-24 11:00:00	PAGANO	6.433333333333334
2014-02-24 12:00:00	PAGANO	6.266666666666667
2014-02-24 13:00:00	PAGANO	7.333333333333333
2014-02-24 14:00:00	PAGANO	5.766666666666667
2014-02-24 15:00:00	PAGANO	0.8666666666666667
2014-02-24 16:00:00	PAGANO	2.8
2014-02-24 17:00:00	PAGANO	5.3
2014-02-24 18:00:00	PAGANO	2.6
2014-02-24 19:00:00	PAGANO	2.8
2014-02-24 20:00:00	PAGANO	1.2666666666666666
2014-02-24 21:00:00	PAGANO	3.1666666666666665
2014-02-24 22:00:00	PAGANO	1.8
2014-02-24 23:00:00	PAGANO	1.0
2014-02-25 00:00:00	PAGANO	2.7333333333333334
2014-02-25 01:00:00	PAGANO	3.0
2014-02-25 02:00:00	PAGANO	2.9
2014-02-25 03:00:00	PAGANO	3.0
2014-02-25 04:00:00	PAGANO	3.0
2014-02-25 05:00:00	PAGANO	2.5
2014-02-25 06:00:00	PAGANO	3.0
2014-02-25 07:00:00	PAGANO	2.0
2014-02-25 08:00:00	PAGANO	0.4
2014-02-25 09:00:00	PAGANO	1.3333333333333333
2014-02-25 10:00:00	PAGANO	1.3
2014-02-25 12:00:00	PAGANO	0.16666666666666666
2014-02-25 13:00:00	PAGANO	3.1666666666666665
2014-02-25 14:00:00	PAGANO	1.0
2014-02-25 15:00:00	PAGANO	2.7
2014-02-25 16:00:00	PAGANO	5.133333333333334
2014-02-25 17:00:00	PAGANO	4.3
2014-02-25 18:00:00	PAGANO	2.4
2014-02-25 19:00:00	PAGANO	1.1333333333333333
2014-02-25 20:00:00	PAGANO	0.9666666666666667
2014-02-25 21:00:00	PAGANO	1.1
2014-02-25 22:00:00	PAGANO	2.533333333333333
2014-02-25 23:00:00	PAGANO	1.2666666666666666
2014-02-26 00:00:00	PAGANO	3.1333333333333333
2014-02-26 01:00:00	PAGANO	2.466666666666667
2014-02-26 02:00:00	PAGANO	3.0
2014-02-26 03:00:00	PAGANO	2.8666666666666667
2014-02-26 04:00:00	PAGANO	2.0
2014-02-26 05:00:00	PAGANO	2.0
2014-02-26 06:00:00	PAGANO	1.0333333333333334
2014-02-26 07:00:00	PAGANO	0.9333333333333333
2014-02-26 08:00:00	PAGANO	0.9333333333333333
2014-02-26 09:00:00	PAGANO	1.9
2014-02-26 10:00:00	PAGANO	0.5666666666666667
2014-02-26 11:00:00	PAGANO	0.36666666666666664
2014-02-26 12:00:00	PAGANO	0.8333333333333334
2014-02-26 13:00:00	PAGANO	2.566666666666667
2014-02-26 14:00:00	PAGANO	1.8
2014-02-26 15:00:00	PAGANO	2.1666666666666665
2014-02-26 16:00:00	PAGANO	1.4
2014-02-26 17:00:00	PAGANO	1.3
2014-02-26 18:00:00	PAGANO	2.433333333333333
2014-02-26 19:00:00	PAGANO	1.5333333333333334
2014-02-26 20:00:00	PAGANO	0.9
2014-02-26 21:00:00	PAGANO	0.8666666666666667
2014-02-26 22:00:00	PAGANO	2.6
2014-02-26 23:00:00	PAGANO	1.7666666666666666
2014-02-27 00:00:00	PAGANO	1.4
2014-02-27 01:00:00	PAGANO	0.9666666666666667
2014-02-27 02:00:00	PAGANO	1.0
2014-02-27 03:00:00	PAGANO	1.0
2014-02-27 04:00:00	PAGANO	1.0
2014-02-27 05:00:00	PAGANO	1.1333333333333333
2014-02-27 06:00:00	PAGANO	1.0
2014-02-27 07:00:00	PAGANO	1.2666666666666666
2014-02-27 08:00:00	PAGANO	1.1666666666666667
2014-02-27 09:00:00	PAGANO	0.8
2014-02-27 10:00:00	PAGANO	2.566666666666667
2014-02-27 11:00:00	PAGANO	4.3
2014-02-27 12:00:00	PAGANO	4.033333333333333
2014-02-27 13:00:00	PAGANO	1.3666666666666667
2014-02-27 14:00:00	PAGANO	0.2
2014-02-27 15:00:00	PAGANO	0.9
2014-02-27 16:00:00	PAGANO	3.433333333333333
2014-02-27 17:00:00	PAGANO	1.8666666666666667
2014-02-27 18:00:00	PAGANO	1.1666666666666667
2014-02-27 19:00:00	PAGANO	0.3
2014-02-27 20:00:00	PAGANO	0.43333333333333335
2014-02-27 21:00:00	PAGANO	0.2
2014-02-27 22:00:00	PAGANO	1.3333333333333333
2014-02-27 23:00:00	PAGANO	1.6333333333333333
2014-02-28 00:00:00	PAGANO	1.6
2014-02-28 01:00:00	PAGANO	1.0333333333333334
2014-02-28 02:00:00	PAGANO	1.2
2014-02-28 03:00:00	PAGANO	0.9333333333333333
2014-02-28 04:00:00	PAGANO	0.6333333333333333
2014-02-28 05:00:00	PAGANO	2.0
2014-02-28 06:00:00	PAGANO	2.1666666666666665
2014-02-28 07:00:00	PAGANO	1.1666666666666667
2014-02-28 08:00:00	PAGANO	2.2
2014-02-28 09:00:00	PAGANO	3.566666666666667
2014-02-28 10:00:00	PAGANO	6.566666666666666
2014-02-28 11:00:00	PAGANO	3.3333333333333335
2014-02-28 12:00:00	PAGANO	2.8
2014-02-28 13:00:00	PAGANO	2.1
2014-02-28 14:00:00	PAGANO	4.066666666666666
2014-02-28 15:00:00	PAGANO	2.933333333333333
2014-02-28 16:00:00	PAGANO	4.6
2014-02-28 17:00:00	PAGANO	4.266666666666667
2014-02-28 18:00:00	PAGANO	0.7
2014-02-28 19:00:00	PAGANO	0.36666666666666664
2014-02-28 20:00:00	PAGANO	1.7333333333333334
2014-02-28 21:00:00	PAGANO	3.8
2014-02-28 22:00:00	PAGANO	3.6333333333333333
2014-02-28 23:00:00	PAGANO	1.5
2014-03-01 00:00:00	PAGANO	0.23333333333333334
2014-03-01 01:00:00	PAGANO	0.6333333333333333
2014-03-01 02:00:00	PAGANO	0.3333333333333333
2014-03-01 03:00:00	PAGANO	1.0
2014-03-01 04:00:00	PAGANO	1.1333333333333333
2014-03-01 05:00:00	PAGANO	3.033333333333333
2014-03-01 06:00:00	PAGANO	3.2
2014-03-01 07:00:00	PAGANO	3.2666666666666666
2014-03-01 08:00:00	PAGANO	2.566666666666667
2014-03-01 09:00:00	PAGANO	2.2333333333333334
2014-03-01 10:00:00	PAGANO	1.0666666666666667
2014-03-01 11:00:00	PAGANO	2.2666666666666666
2014-03-01 12:00:00	PAGANO	1.8
2014-03-01 13:00:00	PAGANO	2.7666666666666666
2014-03-01 14:00:00	PAGANO	3.6333333333333333
2014-03-01 15:00:00	PAGANO	3.1
2014-03-01 16:00:00	PAGANO	1.7333333333333334
2014-03-01 17:00:00	PAGANO	4.0
2014-03-01 18:00:00	PAGANO	3.566666666666667
2014-03-01 19:00:00	PAGANO	1.6666666666666667
2014-03-01 20:00:00	PAGANO	0.8666666666666667
2014-03-01 21:00:00	PAGANO	0.4
2014-03-01 22:00:00	PAGANO	1.3666666666666667
2014-03-01 23:00:00	PAGANO	3.1666666666666665
2014-03-02 00:00:00	PAGANO	1.6333333333333333
2014-03-02 01:00:00	PAGANO	0.7
2014-03-02 02:00:00	PAGANO	0.16666666666666666
2014-03-02 03:00:00	PAGANO	0.7333333333333333
2014-03-02 04:00:00	PAGANO	0.3
2014-03-02 05:00:00	PAGANO	0.1
2014-03-02 06:00:00	PAGANO	1.0
2014-03-02 07:00:00	PAGANO	0.8
2014-03-02 08:00:00	PAGANO	0.6333333333333333
2014-03-02 09:00:00	PAGANO	1.1
2014-03-02 10:00:00	PAGANO	0.26666666666666666
2014-03-02 11:00:00	PAGANO	0.6
2014-03-02 12:00:00	PAGANO	0.5666666666666667
2014-03-02 13:00:00	PAGANO	1.0
2014-03-02 14:00:00	PAGANO	1.8
2014-03-02 15:00:00	PAGANO	2.8
2014-03-02 16:00:00	PAGANO	2.3333333333333335
2014-03-02 17:00:00	PAGANO	1.1
2014-03-02 18:00:00	PAGANO	0.6
2014-03-02 19:00:00	PAGANO	0.13333333333333333
2014-03-02 20:00:00	PAGANO	0.4
2014-03-02 21:00:00	PAGANO	0.9333333333333333
2014-03-02 22:00:00	PAGANO	1.0666666666666667
2014-03-02 23:00:00	PAGANO	1.9333333333333333
2014-02-24 00:00:00	PARCO AGRICOLO SUD	1.0
2014-02-24 01:00:00	PARCO AGRICOLO SUD	1.0
2014-02-24 02:00:00	PARCO AGRICOLO SUD	1.0
2014-02-24 03:00:00	PARCO AGRICOLO SUD	1.0
2014-02-24 04:00:00	PARCO AGRICOLO SUD	1.0
2014-02-24 05:00:00	PARCO AGRICOLO SUD	1.0
2014-02-24 06:00:00	PARCO AGRICOLO SUD	1.0
2014-02-24 07:00:00	PARCO AGRICOLO SUD	1.0
2014-02-24 08:00:00	PARCO AGRICOLO SUD	1.0
2014-02-24 09:00:00	PARCO AGRICOLO SUD	1.0
2014-02-24 10:00:00	PARCO AGRICOLO SUD	1.0
2014-02-24 11:00:00	PARCO AGRICOLO SUD	1.0
2014-02-24 12:00:00	PARCO AGRICOLO SUD	1.0
2014-02-24 13:00:00	PARCO AGRICOLO SUD	1.0
2014-02-24 14:00:00	PARCO AGRICOLO SUD	1.0
2014-02-24 15:00:00	PARCO AGRICOLO SUD	1.0
2014-02-24 16:00:00	PARCO AGRICOLO SUD	1.0
2014-02-24 17:00:00	PARCO AGRICOLO SUD	1.0
2014-02-24 18:00:00	PARCO AGRICOLO SUD	0.9
2014-02-24 19:00:00	PARCO AGRICOLO SUD	1.0
2014-02-24 20:00:00	PARCO AGRICOLO SUD	1.0
2014-02-24 21:00:00	PARCO AGRICOLO SUD	1.0
2014-02-24 22:00:00	PARCO AGRICOLO SUD	0.5333333333333333
2014-02-24 23:00:00	PARCO AGRICOLO SUD	0.8
2014-02-25 00:00:00	PARCO AGRICOLO SUD	1.0
2014-02-25 01:00:00	PARCO AGRICOLO SUD	1.0
2014-02-25 02:00:00	PARCO AGRICOLO SUD	0.9666666666666667
2014-02-25 03:00:00	PARCO AGRICOLO SUD	1.0
2014-02-25 04:00:00	PARCO AGRICOLO SUD	1.0
2014-02-25 05:00:00	PARCO AGRICOLO SUD	0.9666666666666667
2014-02-25 06:00:00	PARCO AGRICOLO SUD	1.0
2014-02-25 07:00:00	PARCO AGRICOLO SUD	0.7
2014-02-24 00:00:00	PARCO BOSCO IN CITTA'	1.0
2014-02-24 01:00:00	PARCO BOSCO IN CITTA'	1.5333333333333334
2014-02-24 02:00:00	PARCO BOSCO IN CITTA'	2.0
2014-02-24 03:00:00	PARCO BOSCO IN CITTA'	2.0
2014-02-24 04:00:00	PARCO BOSCO IN CITTA'	2.0
2014-02-24 05:00:00	PARCO BOSCO IN CITTA'	2.0
2014-02-24 06:00:00	PARCO BOSCO IN CITTA'	2.0
2014-02-24 07:00:00	PARCO BOSCO IN CITTA'	2.0
2014-02-24 08:00:00	PARCO BOSCO IN CITTA'	2.0
2014-02-24 09:00:00	PARCO BOSCO IN CITTA'	2.0
2014-02-24 10:00:00	PARCO BOSCO IN CITTA'	2.0
2014-02-24 11:00:00	PARCO BOSCO IN CITTA'	1.5666666666666667
2014-02-24 12:00:00	PARCO BOSCO IN CITTA'	1.0
2014-02-24 13:00:00	PARCO BOSCO IN CITTA'	1.0
2014-02-24 14:00:00	PARCO BOSCO IN CITTA'	1.0
2014-02-24 15:00:00	PARCO BOSCO IN CITTA'	1.0
2014-02-24 16:00:00	PARCO BOSCO IN CITTA'	1.0
2014-02-24 17:00:00	PARCO BOSCO IN CITTA'	1.0
2014-02-24 18:00:00	PARCO BOSCO IN CITTA'	0.9
2014-02-24 19:00:00	PARCO BOSCO IN CITTA'	1.0
2014-02-24 20:00:00	PARCO BOSCO IN CITTA'	1.0
2014-02-24 21:00:00	PARCO BOSCO IN CITTA'	1.0
2014-02-24 22:00:00	PARCO BOSCO IN CITTA'	0.5333333333333333
2014-02-24 23:00:00	PARCO BOSCO IN CITTA'	0.8
2014-02-25 00:00:00	PARCO BOSCO IN CITTA'	1.2666666666666666
2014-02-25 01:00:00	PARCO BOSCO IN CITTA'	2.0
2014-02-25 02:00:00	PARCO BOSCO IN CITTA'	1.9333333333333333
2014-02-25 03:00:00	PARCO BOSCO IN CITTA'	2.0
2014-02-25 04:00:00	PARCO BOSCO IN CITTA'	2.0
2014-02-25 05:00:00	PARCO BOSCO IN CITTA'	1.9333333333333333
2014-02-25 06:00:00	PARCO BOSCO IN CITTA'	2.0
2014-02-25 07:00:00	PARCO BOSCO IN CITTA'	2.0
2014-02-25 08:00:00	PARCO BOSCO IN CITTA'	2.0
2014-02-25 09:00:00	PARCO BOSCO IN CITTA'	2.6666666666666665
2014-02-25 10:00:00	PARCO BOSCO IN CITTA'	3.0
2014-02-25 11:00:00	PARCO BOSCO IN CITTA'	3.0
2014-02-25 12:00:00	PARCO BOSCO IN CITTA'	1.9
2014-02-25 13:00:00	PARCO BOSCO IN CITTA'	1.0
2014-02-25 14:00:00	PARCO BOSCO IN CITTA'	1.0
2014-02-25 15:00:00	PARCO BOSCO IN CITTA'	1.0
2014-02-25 16:00:00	PARCO BOSCO IN CITTA'	1.0
2014-02-25 17:00:00	PARCO BOSCO IN CITTA'	1.0
2014-02-25 18:00:00	PARCO BOSCO IN CITTA'	1.0
2014-02-25 19:00:00	PARCO BOSCO IN CITTA'	1.0
2014-02-25 20:00:00	PARCO BOSCO IN CITTA'	1.0666666666666667
2014-02-25 21:00:00	PARCO BOSCO IN CITTA'	2.0
2014-02-25 22:00:00	PARCO BOSCO IN CITTA'	1.0
2014-02-25 23:00:00	PARCO BOSCO IN CITTA'	1.0
2014-02-26 00:00:00	PARCO BOSCO IN CITTA'	1.0
2014-02-26 01:00:00	PARCO BOSCO IN CITTA'	1.0
2014-02-26 02:00:00	PARCO BOSCO IN CITTA'	1.0
2014-02-26 03:00:00	PARCO BOSCO IN CITTA'	1.0
2014-02-26 04:00:00	PARCO BOSCO IN CITTA'	1.0
2014-02-26 05:00:00	PARCO BOSCO IN CITTA'	1.0
2014-02-26 06:00:00	PARCO BOSCO IN CITTA'	1.0
2014-02-26 07:00:00	PARCO BOSCO IN CITTA'	1.0
2014-02-26 08:00:00	PARCO BOSCO IN CITTA'	1.0
2014-02-26 09:00:00	PARCO BOSCO IN CITTA'	1.0
2014-02-26 10:00:00	PARCO BOSCO IN CITTA'	1.0
2014-02-26 11:00:00	PARCO BOSCO IN CITTA'	1.0
2014-02-26 12:00:00	PARCO BOSCO IN CITTA'	1.0
2014-02-26 13:00:00	PARCO BOSCO IN CITTA'	1.0
2014-02-26 14:00:00	PARCO BOSCO IN CITTA'	1.0
2014-02-26 15:00:00	PARCO BOSCO IN CITTA'	1.0
2014-02-26 16:00:00	PARCO BOSCO IN CITTA'	1.0
2014-02-26 17:00:00	PARCO BOSCO IN CITTA'	1.0
2014-02-26 18:00:00	PARCO BOSCO IN CITTA'	0.13333333333333333
2014-02-26 22:00:00	PARCO BOSCO IN CITTA'	0.3
2014-02-26 23:00:00	PARCO BOSCO IN CITTA'	1.0
2014-02-27 00:00:00	PARCO BOSCO IN CITTA'	0.9
2014-02-27 09:00:00	PARCO BOSCO IN CITTA'	0.6666666666666666
2014-02-27 10:00:00	PARCO BOSCO IN CITTA'	1.0
2014-02-27 11:00:00	PARCO BOSCO IN CITTA'	0.16666666666666666
2014-02-27 19:00:00	PARCO BOSCO IN CITTA'	0.7666666666666667
2014-02-27 20:00:00	PARCO BOSCO IN CITTA'	1.0
2014-02-27 21:00:00	PARCO BOSCO IN CITTA'	1.0
2014-02-27 22:00:00	PARCO BOSCO IN CITTA'	0.9333333333333333
2014-02-27 23:00:00	PARCO BOSCO IN CITTA'	1.0
2014-02-28 00:00:00	PARCO BOSCO IN CITTA'	1.0
2014-02-28 01:00:00	PARCO BOSCO IN CITTA'	0.9666666666666667
2014-02-28 02:00:00	PARCO BOSCO IN CITTA'	1.0
2014-02-28 03:00:00	PARCO BOSCO IN CITTA'	1.0
2014-02-28 04:00:00	PARCO BOSCO IN CITTA'	1.0
2014-02-28 05:00:00	PARCO BOSCO IN CITTA'	0.4
2014-02-28 13:00:00	PARCO BOSCO IN CITTA'	1.1333333333333333
2014-02-28 14:00:00	PARCO BOSCO IN CITTA'	1.3
2014-02-28 15:00:00	PARCO BOSCO IN CITTA'	1.0
2014-02-28 16:00:00	PARCO BOSCO IN CITTA'	1.0
2014-02-28 17:00:00	PARCO BOSCO IN CITTA'	1.0
2014-02-28 18:00:00	PARCO BOSCO IN CITTA'	1.0
2014-02-28 19:00:00	PARCO BOSCO IN CITTA'	1.0
2014-02-28 20:00:00	PARCO BOSCO IN CITTA'	1.0
2014-02-28 21:00:00	PARCO BOSCO IN CITTA'	1.0
2014-02-28 22:00:00	PARCO BOSCO IN CITTA'	2.0
2014-02-28 23:00:00	PARCO BOSCO IN CITTA'	2.0
2014-03-01 00:00:00	PARCO BOSCO IN CITTA'	2.0
2014-03-01 01:00:00	PARCO BOSCO IN CITTA'	2.0
2014-03-01 02:00:00	PARCO BOSCO IN CITTA'	1.5333333333333334
2014-03-01 03:00:00	PARCO BOSCO IN CITTA'	1.7333333333333334
2014-03-01 04:00:00	PARCO BOSCO IN CITTA'	2.0
2014-03-01 05:00:00	PARCO BOSCO IN CITTA'	2.0
2014-03-01 06:00:00	PARCO BOSCO IN CITTA'	1.2
2014-03-01 07:00:00	PARCO BOSCO IN CITTA'	1.5333333333333334
2014-03-01 08:00:00	PARCO BOSCO IN CITTA'	2.0
2014-03-01 09:00:00	PARCO BOSCO IN CITTA'	2.0
2014-03-01 10:00:00	PARCO BOSCO IN CITTA'	2.0
2014-03-01 11:00:00	PARCO BOSCO IN CITTA'	2.2333333333333334
2014-03-01 12:00:00	PARCO BOSCO IN CITTA'	2.433333333333333
2014-03-01 13:00:00	PARCO BOSCO IN CITTA'	1.4
2014-03-01 14:00:00	PARCO BOSCO IN CITTA'	1.5333333333333334
2014-03-01 15:00:00	PARCO BOSCO IN CITTA'	2.0
2014-03-01 16:00:00	PARCO BOSCO IN CITTA'	1.1
2014-03-01 17:00:00	PARCO BOSCO IN CITTA'	1.0
2014-03-01 18:00:00	PARCO BOSCO IN CITTA'	1.9666666666666666
2014-03-01 19:00:00	PARCO BOSCO IN CITTA'	1.1
2014-03-01 20:00:00	PARCO BOSCO IN CITTA'	1.0
2014-03-01 21:00:00	PARCO BOSCO IN CITTA'	1.0
2014-03-01 22:00:00	PARCO BOSCO IN CITTA'	1.0
2014-03-01 23:00:00	PARCO BOSCO IN CITTA'	1.0
2014-03-02 00:00:00	PARCO BOSCO IN CITTA'	1.0
2014-03-02 01:00:00	PARCO BOSCO IN CITTA'	1.0
2014-03-02 02:00:00	PARCO BOSCO IN CITTA'	0.9666666666666667
2014-03-02 03:00:00	PARCO BOSCO IN CITTA'	1.0
2014-03-02 04:00:00	PARCO BOSCO IN CITTA'	1.0
2014-03-02 05:00:00	PARCO BOSCO IN CITTA'	0.8666666666666667
2014-03-02 06:00:00	PARCO BOSCO IN CITTA'	1.0
2014-03-02 07:00:00	PARCO BOSCO IN CITTA'	1.0
2014-03-02 08:00:00	PARCO BOSCO IN CITTA'	1.0
2014-03-02 09:00:00	PARCO BOSCO IN CITTA'	1.0
2014-03-02 10:00:00	PARCO BOSCO IN CITTA'	2.466666666666667
2014-03-02 11:00:00	PARCO BOSCO IN CITTA'	3.0
2014-03-02 12:00:00	PARCO BOSCO IN CITTA'	3.0
2014-03-02 13:00:00	PARCO BOSCO IN CITTA'	3.0
2014-03-02 14:00:00	PARCO BOSCO IN CITTA'	3.0
2014-03-02 15:00:00	PARCO BOSCO IN CITTA'	3.0
2014-03-02 16:00:00	PARCO BOSCO IN CITTA'	3.2666666666666666
2014-03-02 17:00:00	PARCO BOSCO IN CITTA'	4.0
2014-03-02 18:00:00	PARCO BOSCO IN CITTA'	3.966666666666667
2014-03-02 19:00:00	PARCO BOSCO IN CITTA'	4.233333333333333
2014-03-02 20:00:00	PARCO BOSCO IN CITTA'	5.0
2014-03-02 21:00:00	PARCO BOSCO IN CITTA'	4.933333333333334
2014-03-02 22:00:00	PARCO BOSCO IN CITTA'	4.0
2014-03-02 23:00:00	PARCO BOSCO IN CITTA'	4.0
2014-02-24 00:00:00	PARCO DELLE ABBAZIE	2.0
2014-02-24 01:00:00	PARCO DELLE ABBAZIE	2.0
2014-02-24 02:00:00	PARCO DELLE ABBAZIE	2.0
2014-02-24 03:00:00	PARCO DELLE ABBAZIE	2.0
2014-02-24 04:00:00	PARCO DELLE ABBAZIE	2.0
2014-02-24 05:00:00	PARCO DELLE ABBAZIE	2.0
2014-02-24 06:00:00	PARCO DELLE ABBAZIE	2.0
2014-02-24 07:00:00	PARCO DELLE ABBAZIE	2.0
2014-02-24 08:00:00	PARCO DELLE ABBAZIE	2.0
2014-02-24 09:00:00	PARCO DELLE ABBAZIE	2.0
2014-02-24 10:00:00	PARCO DELLE ABBAZIE	2.3333333333333335
2014-02-24 11:00:00	PARCO DELLE ABBAZIE	3.0
2014-02-24 12:00:00	PARCO DELLE ABBAZIE	3.0
2014-02-24 13:00:00	PARCO DELLE ABBAZIE	3.0
2014-02-24 14:00:00	PARCO DELLE ABBAZIE	3.0
2014-02-24 15:00:00	PARCO DELLE ABBAZIE	3.0
2014-02-24 16:00:00	PARCO DELLE ABBAZIE	3.5
2014-02-24 17:00:00	PARCO DELLE ABBAZIE	2.1666666666666665
2014-02-24 18:00:00	PARCO DELLE ABBAZIE	0.9333333333333333
2014-02-24 19:00:00	PARCO DELLE ABBAZIE	2.0
2014-02-24 20:00:00	PARCO DELLE ABBAZIE	2.0
2014-02-24 21:00:00	PARCO DELLE ABBAZIE	2.0
2014-02-24 22:00:00	PARCO DELLE ABBAZIE	1.0666666666666667
2014-02-24 23:00:00	PARCO DELLE ABBAZIE	1.6
2014-02-25 00:00:00	PARCO DELLE ABBAZIE	2.0
2014-02-25 01:00:00	PARCO DELLE ABBAZIE	2.0
2014-02-25 02:00:00	PARCO DELLE ABBAZIE	2.7666666666666666
2014-02-25 03:00:00	PARCO DELLE ABBAZIE	3.0
2014-02-25 04:00:00	PARCO DELLE ABBAZIE	3.0
2014-02-25 05:00:00	PARCO DELLE ABBAZIE	2.9
2014-02-25 06:00:00	PARCO DELLE ABBAZIE	3.0
2014-02-25 07:00:00	PARCO DELLE ABBAZIE	3.0
2014-02-25 08:00:00	PARCO DELLE ABBAZIE	3.0
2014-02-25 09:00:00	PARCO DELLE ABBAZIE	2.8333333333333335
2014-02-25 10:00:00	PARCO DELLE ABBAZIE	2.3
2014-02-25 11:00:00	PARCO DELLE ABBAZIE	3.0
2014-02-25 12:00:00	PARCO DELLE ABBAZIE	3.0
2014-02-25 13:00:00	PARCO DELLE ABBAZIE	2.7333333333333334
2014-02-25 14:00:00	PARCO DELLE ABBAZIE	2.3666666666666667
2014-02-25 15:00:00	PARCO DELLE ABBAZIE	2.533333333333333
2014-02-25 16:00:00	PARCO DELLE ABBAZIE	2.0
2014-02-25 17:00:00	PARCO DELLE ABBAZIE	2.0
2014-02-25 18:00:00	PARCO DELLE ABBAZIE	2.0
2014-02-25 19:00:00	PARCO DELLE ABBAZIE	2.466666666666667
2014-02-25 20:00:00	PARCO DELLE ABBAZIE	2.0
2014-02-25 21:00:00	PARCO DELLE ABBAZIE	2.0
2014-02-25 22:00:00	PARCO DELLE ABBAZIE	2.0
2014-02-25 23:00:00	PARCO DELLE ABBAZIE	2.0
2014-02-26 00:00:00	PARCO DELLE ABBAZIE	2.0
2014-02-26 01:00:00	PARCO DELLE ABBAZIE	2.0
2014-02-26 02:00:00	PARCO DELLE ABBAZIE	2.0
2014-02-26 03:00:00	PARCO DELLE ABBAZIE	2.0
2014-02-26 04:00:00	PARCO DELLE ABBAZIE	2.0
2014-02-26 05:00:00	PARCO DELLE ABBAZIE	2.0
2014-02-26 06:00:00	PARCO DELLE ABBAZIE	2.0
2014-02-26 07:00:00	PARCO DELLE ABBAZIE	2.0
2014-02-26 08:00:00	PARCO DELLE ABBAZIE	2.0
2014-02-26 09:00:00	PARCO DELLE ABBAZIE	2.0
2014-02-26 10:00:00	PARCO DELLE ABBAZIE	1.0666666666666667
2014-02-26 11:00:00	PARCO DELLE ABBAZIE	1.0
2014-02-26 12:00:00	PARCO DELLE ABBAZIE	0.6333333333333333
2014-02-27 15:00:00	PARCO DELLE ABBAZIE	0.03333333333333333
2014-02-28 09:00:00	PARCO DELLE ABBAZIE	0.06666666666666667
2014-02-28 10:00:00	PARCO DELLE ABBAZIE	0.36666666666666664
2014-02-28 11:00:00	PARCO DELLE ABBAZIE	0.2
2014-02-28 14:00:00	PARCO DELLE ABBAZIE	1.0
2014-02-28 15:00:00	PARCO DELLE ABBAZIE	1.0
2014-02-28 16:00:00	PARCO DELLE ABBAZIE	0.43333333333333335
2014-03-01 12:00:00	PARCO DELLE ABBAZIE	0.3333333333333333
2014-03-01 13:00:00	PARCO DELLE ABBAZIE	1.6
2014-03-01 14:00:00	PARCO DELLE ABBAZIE	2.0
2014-03-01 15:00:00	PARCO DELLE ABBAZIE	2.0
2014-03-01 16:00:00	PARCO DELLE ABBAZIE	2.0
2014-03-01 17:00:00	PARCO DELLE ABBAZIE	2.0
2014-03-01 18:00:00	PARCO DELLE ABBAZIE	2.0
2014-03-01 19:00:00	PARCO DELLE ABBAZIE	2.0
2014-03-01 20:00:00	PARCO DELLE ABBAZIE	2.0
2014-03-01 21:00:00	PARCO DELLE ABBAZIE	2.0
2014-03-01 22:00:00	PARCO DELLE ABBAZIE	2.0
2014-03-01 23:00:00	PARCO DELLE ABBAZIE	2.0
2014-03-02 00:00:00	PARCO DELLE ABBAZIE	2.0
2014-03-02 01:00:00	PARCO DELLE ABBAZIE	2.0
2014-03-02 02:00:00	PARCO DELLE ABBAZIE	1.9333333333333333
2014-03-02 03:00:00	PARCO DELLE ABBAZIE	2.0
2014-03-02 04:00:00	PARCO DELLE ABBAZIE	2.0
2014-03-02 05:00:00	PARCO DELLE ABBAZIE	1.7333333333333334
2014-03-02 06:00:00	PARCO DELLE ABBAZIE	2.0
2014-03-02 07:00:00	PARCO DELLE ABBAZIE	2.0
2014-03-02 08:00:00	PARCO DELLE ABBAZIE	2.0
2014-03-02 09:00:00	PARCO DELLE ABBAZIE	2.0
2014-03-02 10:00:00	PARCO DELLE ABBAZIE	2.0
2014-03-02 11:00:00	PARCO DELLE ABBAZIE	2.0
2014-03-02 12:00:00	PARCO DELLE ABBAZIE	2.0
2014-03-02 13:00:00	PARCO DELLE ABBAZIE	2.0
2014-03-02 14:00:00	PARCO DELLE ABBAZIE	2.0
2014-03-02 15:00:00	PARCO DELLE ABBAZIE	2.0
2014-03-02 16:00:00	PARCO DELLE ABBAZIE	2.2666666666666666
2014-03-02 17:00:00	PARCO DELLE ABBAZIE	2.1666666666666665
2014-03-02 18:00:00	PARCO DELLE ABBAZIE	2.0
2014-03-02 19:00:00	PARCO DELLE ABBAZIE	2.0
2014-03-02 20:00:00	PARCO DELLE ABBAZIE	2.0
2014-03-02 21:00:00	PARCO DELLE ABBAZIE	2.0
2014-03-02 22:00:00	PARCO DELLE ABBAZIE	2.0
2014-03-02 23:00:00	PARCO DELLE ABBAZIE	2.0
2014-02-24 00:00:00	PARCO FORLANINI - ORTICA	2.0
2014-02-24 01:00:00	PARCO FORLANINI - ORTICA	2.0
2014-02-24 02:00:00	PARCO FORLANINI - ORTICA	2.0
2014-02-24 03:00:00	PARCO FORLANINI - ORTICA	2.0
2014-02-24 04:00:00	PARCO FORLANINI - ORTICA	1.9
2014-02-24 05:00:00	PARCO FORLANINI - ORTICA	1.0
2014-02-24 06:00:00	PARCO FORLANINI - ORTICA	1.0
2014-02-24 07:00:00	PARCO FORLANINI - ORTICA	1.6333333333333333
2014-02-24 08:00:00	PARCO FORLANINI - ORTICA	2.3
2014-02-24 09:00:00	PARCO FORLANINI - ORTICA	3.8
2014-02-24 10:00:00	PARCO FORLANINI - ORTICA	3.2666666666666666
2014-02-24 11:00:00	PARCO FORLANINI - ORTICA	4.0
2014-02-24 12:00:00	PARCO FORLANINI - ORTICA	4.0
2014-02-24 13:00:00	PARCO FORLANINI - ORTICA	4.533333333333333
2014-02-24 14:00:00	PARCO FORLANINI - ORTICA	3.1666666666666665
2014-02-24 15:00:00	PARCO FORLANINI - ORTICA	2.566666666666667
2014-02-24 16:00:00	PARCO FORLANINI - ORTICA	2.066666666666667
2014-02-24 17:00:00	PARCO FORLANINI - ORTICA	1.1
2014-02-24 18:00:00	PARCO FORLANINI - ORTICA	0.8
2014-02-24 19:00:00	PARCO FORLANINI - ORTICA	1.3666666666666667
2014-02-24 20:00:00	PARCO FORLANINI - ORTICA	2.533333333333333
2014-02-24 21:00:00	PARCO FORLANINI - ORTICA	3.0
2014-02-24 22:00:00	PARCO FORLANINI - ORTICA	1.3666666666666667
2014-02-24 23:00:00	PARCO FORLANINI - ORTICA	1.5
2014-02-25 00:00:00	PARCO FORLANINI - ORTICA	2.0
2014-02-25 01:00:00	PARCO FORLANINI - ORTICA	2.0
2014-02-25 02:00:00	PARCO FORLANINI - ORTICA	1.9333333333333333
2014-02-25 03:00:00	PARCO FORLANINI - ORTICA	2.0
2014-02-25 04:00:00	PARCO FORLANINI - ORTICA	2.0
2014-02-25 05:00:00	PARCO FORLANINI - ORTICA	1.9
2014-02-25 06:00:00	PARCO FORLANINI - ORTICA	2.0
2014-02-25 07:00:00	PARCO FORLANINI - ORTICA	2.2666666666666666
2014-02-25 08:00:00	PARCO FORLANINI - ORTICA	2.933333333333333
2014-02-25 09:00:00	PARCO FORLANINI - ORTICA	3.7666666666666666
2014-02-25 10:00:00	PARCO FORLANINI - ORTICA	5.0
2014-02-25 11:00:00	PARCO FORLANINI - ORTICA	4.1
2014-02-25 12:00:00	PARCO FORLANINI - ORTICA	4.0
2014-02-25 13:00:00	PARCO FORLANINI - ORTICA	4.0
2014-02-25 14:00:00	PARCO FORLANINI - ORTICA	3.033333333333333
2014-02-25 15:00:00	PARCO FORLANINI - ORTICA	3.3
2014-02-25 16:00:00	PARCO FORLANINI - ORTICA	2.466666666666667
2014-02-25 17:00:00	PARCO FORLANINI - ORTICA	1.0
2014-02-25 18:00:00	PARCO FORLANINI - ORTICA	1.2
2014-02-25 19:00:00	PARCO FORLANINI - ORTICA	2.0
2014-02-25 20:00:00	PARCO FORLANINI - ORTICA	1.5666666666666667
2014-02-25 21:00:00	PARCO FORLANINI - ORTICA	1.0
2014-02-25 22:00:00	PARCO FORLANINI - ORTICA	1.0
2014-02-25 23:00:00	PARCO FORLANINI - ORTICA	1.0
2014-02-26 00:00:00	PARCO FORLANINI - ORTICA	1.0
2014-02-26 01:00:00	PARCO FORLANINI - ORTICA	1.0
2014-02-26 02:00:00	PARCO FORLANINI - ORTICA	1.0
2014-02-26 03:00:00	PARCO FORLANINI - ORTICA	1.0
2014-02-26 04:00:00	PARCO FORLANINI - ORTICA	1.0
2014-02-26 05:00:00	PARCO FORLANINI - ORTICA	1.0
2014-02-26 06:00:00	PARCO FORLANINI - ORTICA	1.0
2014-02-26 07:00:00	PARCO FORLANINI - ORTICA	1.3
2014-02-26 08:00:00	PARCO FORLANINI - ORTICA	2.6333333333333333
2014-02-26 09:00:00	PARCO FORLANINI - ORTICA	4.866666666666666
2014-02-26 10:00:00	PARCO FORLANINI - ORTICA	6.0
2014-02-26 11:00:00	PARCO FORLANINI - ORTICA	6.0
2014-02-26 12:00:00	PARCO FORLANINI - ORTICA	6.866666666666666
2014-02-26 13:00:00	PARCO FORLANINI - ORTICA	7.0
2014-02-26 14:00:00	PARCO FORLANINI - ORTICA	7.0
2014-02-26 15:00:00	PARCO FORLANINI - ORTICA	7.766666666666667
2014-02-26 16:00:00	PARCO FORLANINI - ORTICA	6.7
2014-02-26 17:00:00	PARCO FORLANINI - ORTICA	6.466666666666667
2014-02-26 18:00:00	PARCO FORLANINI - ORTICA	5.6
2014-02-26 19:00:00	PARCO FORLANINI - ORTICA	5.7
2014-02-26 20:00:00	PARCO FORLANINI - ORTICA	4.133333333333334
2014-02-26 21:00:00	PARCO FORLANINI - ORTICA	2.533333333333333
2014-02-26 22:00:00	PARCO FORLANINI - ORTICA	3.0
2014-02-26 23:00:00	PARCO FORLANINI - ORTICA	3.0
2014-02-27 00:00:00	PARCO FORLANINI - ORTICA	3.0
2014-02-27 01:00:00	PARCO FORLANINI - ORTICA	3.0
2014-02-27 02:00:00	PARCO FORLANINI - ORTICA	3.0
2014-02-27 03:00:00	PARCO FORLANINI - ORTICA	3.0
2014-02-27 04:00:00	PARCO FORLANINI - ORTICA	3.0
2014-02-27 05:00:00	PARCO FORLANINI - ORTICA	2.966666666666667
2014-02-27 06:00:00	PARCO FORLANINI - ORTICA	2.0
2014-02-27 07:00:00	PARCO FORLANINI - ORTICA	2.1666666666666665
2014-02-27 08:00:00	PARCO FORLANINI - ORTICA	2.466666666666667
2014-02-27 09:00:00	PARCO FORLANINI - ORTICA	2.9
2014-02-27 10:00:00	PARCO FORLANINI - ORTICA	3.2333333333333334
2014-02-27 11:00:00	PARCO FORLANINI - ORTICA	3.2666666666666666
2014-02-27 12:00:00	PARCO FORLANINI - ORTICA	2.566666666666667
2014-02-27 13:00:00	PARCO FORLANINI - ORTICA	3.3666666666666667
2014-02-27 14:00:00	PARCO FORLANINI - ORTICA	1.7333333333333334
2014-02-27 15:00:00	PARCO FORLANINI - ORTICA	2.0
2014-02-27 16:00:00	PARCO FORLANINI - ORTICA	2.0
2014-02-27 17:00:00	PARCO FORLANINI - ORTICA	1.3666666666666667
2014-02-27 18:00:00	PARCO FORLANINI - ORTICA	1.0
2014-02-27 19:00:00	PARCO FORLANINI - ORTICA	1.8666666666666667
2014-02-27 20:00:00	PARCO FORLANINI - ORTICA	2.7666666666666666
2014-02-27 21:00:00	PARCO FORLANINI - ORTICA	2.966666666666667
2014-02-27 22:00:00	PARCO FORLANINI - ORTICA	1.6
2014-02-27 23:00:00	PARCO FORLANINI - ORTICA	1.8666666666666667
2014-02-28 00:00:00	PARCO FORLANINI - ORTICA	3.0
2014-02-28 01:00:00	PARCO FORLANINI - ORTICA	2.9
2014-02-28 02:00:00	PARCO FORLANINI - ORTICA	3.0
2014-02-28 03:00:00	PARCO FORLANINI - ORTICA	2.033333333333333
2014-02-28 04:00:00	PARCO FORLANINI - ORTICA	2.0
2014-02-28 05:00:00	PARCO FORLANINI - ORTICA	2.0
2014-02-28 06:00:00	PARCO FORLANINI - ORTICA	2.0
2014-02-28 07:00:00	PARCO FORLANINI - ORTICA	2.0
2014-02-28 08:00:00	PARCO FORLANINI - ORTICA	2.4
2014-02-28 09:00:00	PARCO FORLANINI - ORTICA	3.0
2014-02-28 10:00:00	PARCO FORLANINI - ORTICA	2.8
2014-02-28 11:00:00	PARCO FORLANINI - ORTICA	2.6
2014-02-28 12:00:00	PARCO FORLANINI - ORTICA	2.533333333333333
2014-02-28 13:00:00	PARCO FORLANINI - ORTICA	2.0
2014-02-28 14:00:00	PARCO FORLANINI - ORTICA	2.5
2014-02-28 15:00:00	PARCO FORLANINI - ORTICA	3.0
2014-02-28 16:00:00	PARCO FORLANINI - ORTICA	2.933333333333333
2014-02-28 17:00:00	PARCO FORLANINI - ORTICA	2.0
2014-02-28 18:00:00	PARCO FORLANINI - ORTICA	1.9
2014-02-28 19:00:00	PARCO FORLANINI - ORTICA	3.7333333333333334
2014-02-28 20:00:00	PARCO FORLANINI - ORTICA	3.3333333333333335
2014-02-28 21:00:00	PARCO FORLANINI - ORTICA	3.033333333333333
2014-02-28 22:00:00	PARCO FORLANINI - ORTICA	0.8333333333333334
2014-02-28 23:00:00	PARCO FORLANINI - ORTICA	1.0
2014-03-01 00:00:00	PARCO FORLANINI - ORTICA	1.9666666666666666
2014-03-01 01:00:00	PARCO FORLANINI - ORTICA	6.466666666666667
2014-03-01 02:00:00	PARCO FORLANINI - ORTICA	6.133333333333334
2014-03-01 03:00:00	PARCO FORLANINI - ORTICA	5.3
2014-03-01 04:00:00	PARCO FORLANINI - ORTICA	2.3666666666666667
2014-03-01 05:00:00	PARCO FORLANINI - ORTICA	2.933333333333333
2014-03-01 06:00:00	PARCO FORLANINI - ORTICA	3.0
2014-03-01 07:00:00	PARCO FORLANINI - ORTICA	3.0
2014-03-01 08:00:00	PARCO FORLANINI - ORTICA	3.0
2014-03-01 09:00:00	PARCO FORLANINI - ORTICA	3.0
2014-03-01 10:00:00	PARCO FORLANINI - ORTICA	3.0
2014-03-01 11:00:00	PARCO FORLANINI - ORTICA	2.7666666666666666
2014-03-01 12:00:00	PARCO FORLANINI - ORTICA	2.8666666666666667
2014-03-01 13:00:00	PARCO FORLANINI - ORTICA	2.9
2014-03-01 14:00:00	PARCO FORLANINI - ORTICA	2.2333333333333334
2014-03-01 15:00:00	PARCO FORLANINI - ORTICA	2.0
2014-03-01 16:00:00	PARCO FORLANINI - ORTICA	2.0
2014-03-01 17:00:00	PARCO FORLANINI - ORTICA	2.0
2014-03-01 18:00:00	PARCO FORLANINI - ORTICA	2.066666666666667
2014-03-01 19:00:00	PARCO FORLANINI - ORTICA	3.0
2014-03-01 20:00:00	PARCO FORLANINI - ORTICA	3.0
2014-03-01 21:00:00	PARCO FORLANINI - ORTICA	2.7666666666666666
2014-03-01 22:00:00	PARCO FORLANINI - ORTICA	2.0
2014-03-01 23:00:00	PARCO FORLANINI - ORTICA	2.4
2014-03-02 00:00:00	PARCO FORLANINI - ORTICA	3.033333333333333
2014-03-02 01:00:00	PARCO FORLANINI - ORTICA	4.0
2014-03-02 02:00:00	PARCO FORLANINI - ORTICA	2.8333333333333335
2014-03-02 03:00:00	PARCO FORLANINI - ORTICA	3.0
2014-03-02 04:00:00	PARCO FORLANINI - ORTICA	3.0
2014-03-02 05:00:00	PARCO FORLANINI - ORTICA	2.6
2014-03-02 06:00:00	PARCO FORLANINI - ORTICA	3.0
2014-03-02 07:00:00	PARCO FORLANINI - ORTICA	3.0
2014-03-02 08:00:00	PARCO FORLANINI - ORTICA	3.0
2014-03-02 09:00:00	PARCO FORLANINI - ORTICA	2.8
2014-03-02 10:00:00	PARCO FORLANINI - ORTICA	2.0
2014-03-02 11:00:00	PARCO FORLANINI - ORTICA	1.3
2014-03-02 12:00:00	PARCO FORLANINI - ORTICA	1.0
2014-03-02 13:00:00	PARCO FORLANINI - ORTICA	1.0
2014-03-02 14:00:00	PARCO FORLANINI - ORTICA	1.0
2014-03-02 15:00:00	PARCO FORLANINI - ORTICA	1.0
2014-03-02 16:00:00	PARCO FORLANINI - ORTICA	1.0
2014-03-02 17:00:00	PARCO FORLANINI - ORTICA	1.8
2014-03-02 18:00:00	PARCO FORLANINI - ORTICA	1.0
2014-03-02 19:00:00	PARCO FORLANINI - ORTICA	1.0
2014-03-02 20:00:00	PARCO FORLANINI - ORTICA	1.0
2014-03-02 21:00:00	PARCO FORLANINI - ORTICA	1.0
2014-03-02 22:00:00	PARCO FORLANINI - ORTICA	1.7666666666666666
2014-03-02 23:00:00	PARCO FORLANINI - ORTICA	2.0
2014-02-24 00:00:00	PARCO LAMBRO - CIMIANO	10.533333333333333
2014-02-24 01:00:00	PARCO LAMBRO - CIMIANO	11.0
2014-02-24 02:00:00	PARCO LAMBRO - CIMIANO	11.0
2014-02-24 03:00:00	PARCO LAMBRO - CIMIANO	11.0
2014-02-24 04:00:00	PARCO LAMBRO - CIMIANO	11.0
2014-02-24 05:00:00	PARCO LAMBRO - CIMIANO	11.0
2014-02-24 06:00:00	PARCO LAMBRO - CIMIANO	11.566666666666666
2014-02-24 07:00:00	PARCO LAMBRO - CIMIANO	9.566666666666666
2014-02-24 08:00:00	PARCO LAMBRO - CIMIANO	8.533333333333333
2014-02-24 09:00:00	PARCO LAMBRO - CIMIANO	9.0
2014-02-24 10:00:00	PARCO LAMBRO - CIMIANO	9.466666666666667
2014-02-24 11:00:00	PARCO LAMBRO - CIMIANO	10.0
2014-02-24 12:00:00	PARCO LAMBRO - CIMIANO	9.3
2014-02-24 13:00:00	PARCO LAMBRO - CIMIANO	9.066666666666666
2014-02-24 14:00:00	PARCO LAMBRO - CIMIANO	8.866666666666667
2014-02-24 15:00:00	PARCO LAMBRO - CIMIANO	8.6
2014-02-24 16:00:00	PARCO LAMBRO - CIMIANO	8.366666666666667
2014-02-24 17:00:00	PARCO LAMBRO - CIMIANO	8.333333333333334
2014-02-24 18:00:00	PARCO LAMBRO - CIMIANO	5.266666666666667
2014-02-24 19:00:00	PARCO LAMBRO - CIMIANO	6.566666666666666
2014-02-24 20:00:00	PARCO LAMBRO - CIMIANO	7.966666666666667
2014-02-24 21:00:00	PARCO LAMBRO - CIMIANO	7.566666666666666
2014-02-24 22:00:00	PARCO LAMBRO - CIMIANO	4.933333333333334
2014-02-24 23:00:00	PARCO LAMBRO - CIMIANO	9.8
2014-02-25 00:00:00	PARCO LAMBRO - CIMIANO	13.866666666666667
2014-02-25 01:00:00	PARCO LAMBRO - CIMIANO	17.3
2014-02-25 02:00:00	PARCO LAMBRO - CIMIANO	18.366666666666667
2014-02-25 03:00:00	PARCO LAMBRO - CIMIANO	19.0
2014-02-25 04:00:00	PARCO LAMBRO - CIMIANO	19.0
2014-02-25 05:00:00	PARCO LAMBRO - CIMIANO	18.366666666666667
2014-02-25 06:00:00	PARCO LAMBRO - CIMIANO	20.7
2014-02-25 07:00:00	PARCO LAMBRO - CIMIANO	21.0
2014-02-25 08:00:00	PARCO LAMBRO - CIMIANO	19.8
2014-02-25 09:00:00	PARCO LAMBRO - CIMIANO	17.466666666666665
2014-02-25 10:00:00	PARCO LAMBRO - CIMIANO	18.5
2014-02-25 11:00:00	PARCO LAMBRO - CIMIANO	17.5
2014-02-25 12:00:00	PARCO LAMBRO - CIMIANO	19.066666666666666
2014-02-25 13:00:00	PARCO LAMBRO - CIMIANO	18.1
2014-02-25 14:00:00	PARCO LAMBRO - CIMIANO	16.433333333333334
2014-02-25 15:00:00	PARCO LAMBRO - CIMIANO	15.4
2014-02-25 16:00:00	PARCO LAMBRO - CIMIANO	14.933333333333334
2014-02-25 17:00:00	PARCO LAMBRO - CIMIANO	15.2
2014-02-25 18:00:00	PARCO LAMBRO - CIMIANO	15.166666666666666
2014-02-25 19:00:00	PARCO LAMBRO - CIMIANO	14.9
2014-02-25 20:00:00	PARCO LAMBRO - CIMIANO	14.233333333333333
2014-02-25 21:00:00	PARCO LAMBRO - CIMIANO	13.566666666666666
2014-02-25 22:00:00	PARCO LAMBRO - CIMIANO	12.033333333333333
2014-02-25 23:00:00	PARCO LAMBRO - CIMIANO	11.666666666666666
2014-02-26 00:00:00	PARCO LAMBRO - CIMIANO	11.633333333333333
2014-02-26 01:00:00	PARCO LAMBRO - CIMIANO	12.366666666666667
2014-02-26 02:00:00	PARCO LAMBRO - CIMIANO	14.033333333333333
2014-02-26 03:00:00	PARCO LAMBRO - CIMIANO	15.0
2014-02-26 04:00:00	PARCO LAMBRO - CIMIANO	15.0
2014-02-26 05:00:00	PARCO LAMBRO - CIMIANO	15.0
2014-02-26 06:00:00	PARCO LAMBRO - CIMIANO	14.033333333333333
2014-02-26 07:00:00	PARCO LAMBRO - CIMIANO	14.833333333333334
2014-02-26 08:00:00	PARCO LAMBRO - CIMIANO	15.9
2014-02-26 09:00:00	PARCO LAMBRO - CIMIANO	13.1
2014-02-26 10:00:00	PARCO LAMBRO - CIMIANO	12.566666666666666
2014-02-26 11:00:00	PARCO LAMBRO - CIMIANO	14.966666666666667
2014-02-26 12:00:00	PARCO LAMBRO - CIMIANO	14.233333333333333
2014-02-26 13:00:00	PARCO LAMBRO - CIMIANO	12.1
2014-02-26 14:00:00	PARCO LAMBRO - CIMIANO	12.566666666666666
2014-02-26 15:00:00	PARCO LAMBRO - CIMIANO	13.1
2014-02-26 16:00:00	PARCO LAMBRO - CIMIANO	12.666666666666666
2014-02-26 17:00:00	PARCO LAMBRO - CIMIANO	12.3
2014-02-26 18:00:00	PARCO LAMBRO - CIMIANO	11.933333333333334
2014-02-26 19:00:00	PARCO LAMBRO - CIMIANO	9.966666666666667
2014-02-26 20:00:00	PARCO LAMBRO - CIMIANO	9.5
2014-02-26 21:00:00	PARCO LAMBRO - CIMIANO	9.4
2014-02-26 22:00:00	PARCO LAMBRO - CIMIANO	9.833333333333334
2014-02-26 23:00:00	PARCO LAMBRO - CIMIANO	11.8
2014-02-27 00:00:00	PARCO LAMBRO - CIMIANO	12.533333333333333
2014-02-27 01:00:00	PARCO LAMBRO - CIMIANO	14.6
2014-02-27 02:00:00	PARCO LAMBRO - CIMIANO	15.0
2014-02-27 03:00:00	PARCO LAMBRO - CIMIANO	15.0
2014-02-27 04:00:00	PARCO LAMBRO - CIMIANO	14.733333333333333
2014-02-27 05:00:00	PARCO LAMBRO - CIMIANO	14.266666666666667
2014-02-27 06:00:00	PARCO LAMBRO - CIMIANO	13.0
2014-02-27 07:00:00	PARCO LAMBRO - CIMIANO	12.533333333333333
2014-02-27 08:00:00	PARCO LAMBRO - CIMIANO	11.933333333333334
2014-02-27 09:00:00	PARCO LAMBRO - CIMIANO	10.9
2014-02-27 10:00:00	PARCO LAMBRO - CIMIANO	10.366666666666667
2014-02-27 11:00:00	PARCO LAMBRO - CIMIANO	12.2
2014-02-27 12:00:00	PARCO LAMBRO - CIMIANO	10.766666666666667
2014-02-27 13:00:00	PARCO LAMBRO - CIMIANO	9.733333333333333
2014-02-27 14:00:00	PARCO LAMBRO - CIMIANO	6.266666666666667
2014-02-27 15:00:00	PARCO LAMBRO - CIMIANO	8.3
2014-02-27 16:00:00	PARCO LAMBRO - CIMIANO	9.4
2014-02-27 17:00:00	PARCO LAMBRO - CIMIANO	11.833333333333334
2014-02-27 18:00:00	PARCO LAMBRO - CIMIANO	8.9
2014-02-27 19:00:00	PARCO LAMBRO - CIMIANO	9.4
2014-02-27 20:00:00	PARCO LAMBRO - CIMIANO	8.7
2014-02-27 21:00:00	PARCO LAMBRO - CIMIANO	8.8
2014-02-27 22:00:00	PARCO LAMBRO - CIMIANO	7.3
2014-02-27 23:00:00	PARCO LAMBRO - CIMIANO	8.266666666666667
2014-02-28 00:00:00	PARCO LAMBRO - CIMIANO	8.2
2014-02-28 01:00:00	PARCO LAMBRO - CIMIANO	7.6
2014-02-28 02:00:00	PARCO LAMBRO - CIMIANO	8.8
2014-02-28 03:00:00	PARCO LAMBRO - CIMIANO	7.6
2014-02-28 04:00:00	PARCO LAMBRO - CIMIANO	7.866666666666666
2014-02-28 05:00:00	PARCO LAMBRO - CIMIANO	7.966666666666667
2014-02-28 06:00:00	PARCO LAMBRO - CIMIANO	7.433333333333334
2014-02-28 07:00:00	PARCO LAMBRO - CIMIANO	8.0
2014-02-28 08:00:00	PARCO LAMBRO - CIMIANO	8.0
2014-02-28 09:00:00	PARCO LAMBRO - CIMIANO	8.166666666666666
2014-02-28 10:00:00	PARCO LAMBRO - CIMIANO	8.633333333333333
2014-02-28 11:00:00	PARCO LAMBRO - CIMIANO	7.633333333333334
2014-02-28 12:00:00	PARCO LAMBRO - CIMIANO	7.7
2014-02-28 13:00:00	PARCO LAMBRO - CIMIANO	8.033333333333333
2014-02-28 14:00:00	PARCO LAMBRO - CIMIANO	8.466666666666667
2014-02-28 15:00:00	PARCO LAMBRO - CIMIANO	10.5
2014-02-28 16:00:00	PARCO LAMBRO - CIMIANO	9.8
2014-02-28 17:00:00	PARCO LAMBRO - CIMIANO	11.833333333333334
2014-02-28 18:00:00	PARCO LAMBRO - CIMIANO	13.433333333333334
2014-02-28 19:00:00	PARCO LAMBRO - CIMIANO	13.166666666666666
2014-02-28 20:00:00	PARCO LAMBRO - CIMIANO	10.7
2014-02-28 21:00:00	PARCO LAMBRO - CIMIANO	13.766666666666667
2014-02-28 22:00:00	PARCO LAMBRO - CIMIANO	15.266666666666667
2014-02-28 23:00:00	PARCO LAMBRO - CIMIANO	15.266666666666667
2014-03-01 00:00:00	PARCO LAMBRO - CIMIANO	16.366666666666667
2014-03-01 01:00:00	PARCO LAMBRO - CIMIANO	16.433333333333334
2014-03-01 02:00:00	PARCO LAMBRO - CIMIANO	13.8
2014-03-01 03:00:00	PARCO LAMBRO - CIMIANO	18.133333333333333
2014-03-01 04:00:00	PARCO LAMBRO - CIMIANO	19.633333333333333
2014-03-01 05:00:00	PARCO LAMBRO - CIMIANO	18.733333333333334
2014-03-01 06:00:00	PARCO LAMBRO - CIMIANO	16.6
2014-03-01 07:00:00	PARCO LAMBRO - CIMIANO	16.0
2014-03-01 08:00:00	PARCO LAMBRO - CIMIANO	15.566666666666666
2014-03-01 09:00:00	PARCO LAMBRO - CIMIANO	14.233333333333333
2014-03-01 10:00:00	PARCO LAMBRO - CIMIANO	12.766666666666667
2014-03-01 11:00:00	PARCO LAMBRO - CIMIANO	10.133333333333333
2014-03-01 12:00:00	PARCO LAMBRO - CIMIANO	9.466666666666667
2014-03-01 13:00:00	PARCO LAMBRO - CIMIANO	9.5
2014-03-01 14:00:00	PARCO LAMBRO - CIMIANO	8.466666666666667
2014-03-01 15:00:00	PARCO LAMBRO - CIMIANO	6.866666666666666
2014-03-01 16:00:00	PARCO LAMBRO - CIMIANO	6.0
2014-03-01 17:00:00	PARCO LAMBRO - CIMIANO	7.333333333333333
2014-03-01 18:00:00	PARCO LAMBRO - CIMIANO	9.2
2014-03-01 19:00:00	PARCO LAMBRO - CIMIANO	10.9
2014-03-01 20:00:00	PARCO LAMBRO - CIMIANO	11.2
2014-03-01 21:00:00	PARCO LAMBRO - CIMIANO	10.133333333333333
2014-03-01 22:00:00	PARCO LAMBRO - CIMIANO	8.733333333333333
2014-03-01 23:00:00	PARCO LAMBRO - CIMIANO	8.666666666666666
2014-03-02 00:00:00	PARCO LAMBRO - CIMIANO	9.466666666666667
2014-03-02 01:00:00	PARCO LAMBRO - CIMIANO	9.466666666666667
2014-03-02 02:00:00	PARCO LAMBRO - CIMIANO	12.3
2014-03-02 03:00:00	PARCO LAMBRO - CIMIANO	14.366666666666667
2014-03-02 04:00:00	PARCO LAMBRO - CIMIANO	15.4
2014-03-02 05:00:00	PARCO LAMBRO - CIMIANO	13.7
2014-03-02 06:00:00	PARCO LAMBRO - CIMIANO	16.533333333333335
2014-03-02 07:00:00	PARCO LAMBRO - CIMIANO	16.866666666666667
2014-03-02 08:00:00	PARCO LAMBRO - CIMIANO	16.0
2014-03-02 09:00:00	PARCO LAMBRO - CIMIANO	15.933333333333334
2014-03-02 10:00:00	PARCO LAMBRO - CIMIANO	15.133333333333333
2014-03-02 11:00:00	PARCO LAMBRO - CIMIANO	13.8
2014-03-02 12:00:00	PARCO LAMBRO - CIMIANO	15.133333333333333
2014-03-02 13:00:00	PARCO LAMBRO - CIMIANO	13.966666666666667
2014-03-02 14:00:00	PARCO LAMBRO - CIMIANO	15.1
2014-03-02 15:00:00	PARCO LAMBRO - CIMIANO	15.1
2014-03-02 16:00:00	PARCO LAMBRO - CIMIANO	14.3
2014-03-02 17:00:00	PARCO LAMBRO - CIMIANO	14.2
2014-03-02 18:00:00	PARCO LAMBRO - CIMIANO	13.433333333333334
2014-03-02 19:00:00	PARCO LAMBRO - CIMIANO	13.566666666666666
2014-03-02 20:00:00	PARCO LAMBRO - CIMIANO	16.5
2014-03-02 21:00:00	PARCO LAMBRO - CIMIANO	15.266666666666667
2014-03-02 22:00:00	PARCO LAMBRO - CIMIANO	15.1
2014-03-02 23:00:00	PARCO LAMBRO - CIMIANO	13.8
2014-02-24 00:00:00	PARCO MONLUE' - PONTE LAMBRO	5.0
2014-02-24 01:00:00	PARCO MONLUE' - PONTE LAMBRO	5.0
2014-02-24 02:00:00	PARCO MONLUE' - PONTE LAMBRO	5.0
2014-02-24 03:00:00	PARCO MONLUE' - PONTE LAMBRO	5.0
2014-02-24 04:00:00	PARCO MONLUE' - PONTE LAMBRO	5.0
2014-02-24 05:00:00	PARCO MONLUE' - PONTE LAMBRO	5.0
2014-02-24 06:00:00	PARCO MONLUE' - PONTE LAMBRO	6.0
2014-02-24 07:00:00	PARCO MONLUE' - PONTE LAMBRO	6.0
2014-02-24 08:00:00	PARCO MONLUE' - PONTE LAMBRO	6.0
2014-02-24 09:00:00	PARCO MONLUE' - PONTE LAMBRO	6.4
2014-02-24 10:00:00	PARCO MONLUE' - PONTE LAMBRO	7.0
2014-02-24 11:00:00	PARCO MONLUE' - PONTE LAMBRO	6.966666666666667
2014-02-24 12:00:00	PARCO MONLUE' - PONTE LAMBRO	6.566666666666666
2014-02-24 13:00:00	PARCO MONLUE' - PONTE LAMBRO	6.0
2014-02-24 14:00:00	PARCO MONLUE' - PONTE LAMBRO	6.166666666666667
2014-02-24 15:00:00	PARCO MONLUE' - PONTE LAMBRO	6.166666666666667
2014-02-24 16:00:00	PARCO MONLUE' - PONTE LAMBRO	6.066666666666666
2014-02-24 17:00:00	PARCO MONLUE' - PONTE LAMBRO	5.766666666666667
2014-02-24 18:00:00	PARCO MONLUE' - PONTE LAMBRO	4.5
2014-02-24 19:00:00	PARCO MONLUE' - PONTE LAMBRO	5.0
2014-02-24 20:00:00	PARCO MONLUE' - PONTE LAMBRO	5.0
2014-02-24 21:00:00	PARCO MONLUE' - PONTE LAMBRO	5.0
2014-02-24 22:00:00	PARCO MONLUE' - PONTE LAMBRO	2.6666666666666665
2014-02-24 23:00:00	PARCO MONLUE' - PONTE LAMBRO	4.0
2014-02-25 00:00:00	PARCO MONLUE' - PONTE LAMBRO	5.0
2014-02-25 01:00:00	PARCO MONLUE' - PONTE LAMBRO	5.0
2014-02-25 02:00:00	PARCO MONLUE' - PONTE LAMBRO	4.833333333333333
2014-02-25 03:00:00	PARCO MONLUE' - PONTE LAMBRO	5.0
2014-02-25 04:00:00	PARCO MONLUE' - PONTE LAMBRO	5.0
2014-02-25 05:00:00	PARCO MONLUE' - PONTE LAMBRO	4.833333333333333
2014-02-25 06:00:00	PARCO MONLUE' - PONTE LAMBRO	5.0
2014-02-25 07:00:00	PARCO MONLUE' - PONTE LAMBRO	5.0
2014-02-25 08:00:00	PARCO MONLUE' - PONTE LAMBRO	4.6
2014-02-25 09:00:00	PARCO MONLUE' - PONTE LAMBRO	4.6
2014-02-25 10:00:00	PARCO MONLUE' - PONTE LAMBRO	5.0
2014-02-25 11:00:00	PARCO MONLUE' - PONTE LAMBRO	5.0
2014-02-25 12:00:00	PARCO MONLUE' - PONTE LAMBRO	5.0
2014-02-25 13:00:00	PARCO MONLUE' - PONTE LAMBRO	5.933333333333334
2014-02-25 14:00:00	PARCO MONLUE' - PONTE LAMBRO	6.0
2014-02-25 15:00:00	PARCO MONLUE' - PONTE LAMBRO	5.733333333333333
2014-02-25 16:00:00	PARCO MONLUE' - PONTE LAMBRO	5.0
2014-02-25 17:00:00	PARCO MONLUE' - PONTE LAMBRO	4.933333333333334
2014-02-25 18:00:00	PARCO MONLUE' - PONTE LAMBRO	4.466666666666667
2014-02-25 19:00:00	PARCO MONLUE' - PONTE LAMBRO	4.0
2014-02-25 20:00:00	PARCO MONLUE' - PONTE LAMBRO	2.6333333333333333
2014-02-25 21:00:00	PARCO MONLUE' - PONTE LAMBRO	1.0
2014-02-25 22:00:00	PARCO MONLUE' - PONTE LAMBRO	1.0
2014-02-25 23:00:00	PARCO MONLUE' - PONTE LAMBRO	1.0
2014-02-26 00:00:00	PARCO MONLUE' - PONTE LAMBRO	1.0
2014-02-26 01:00:00	PARCO MONLUE' - PONTE LAMBRO	1.0
2014-02-26 02:00:00	PARCO MONLUE' - PONTE LAMBRO	1.0
2014-02-26 03:00:00	PARCO MONLUE' - PONTE LAMBRO	1.0
2014-02-26 04:00:00	PARCO MONLUE' - PONTE LAMBRO	1.0
2014-02-26 05:00:00	PARCO MONLUE' - PONTE LAMBRO	1.0
2014-02-26 06:00:00	PARCO MONLUE' - PONTE LAMBRO	1.0
2014-02-26 07:00:00	PARCO MONLUE' - PONTE LAMBRO	1.0
2014-02-26 08:00:00	PARCO MONLUE' - PONTE LAMBRO	1.0
2014-02-26 09:00:00	PARCO MONLUE' - PONTE LAMBRO	2.033333333333333
2014-02-26 10:00:00	PARCO MONLUE' - PONTE LAMBRO	3.0
2014-02-26 11:00:00	PARCO MONLUE' - PONTE LAMBRO	3.0
2014-02-26 12:00:00	PARCO MONLUE' - PONTE LAMBRO	3.0
2014-02-26 13:00:00	PARCO MONLUE' - PONTE LAMBRO	3.0
2014-02-26 14:00:00	PARCO MONLUE' - PONTE LAMBRO	2.0
2014-02-26 15:00:00	PARCO MONLUE' - PONTE LAMBRO	1.4666666666666666
2014-02-26 16:00:00	PARCO MONLUE' - PONTE LAMBRO	2.0
2014-02-26 17:00:00	PARCO MONLUE' - PONTE LAMBRO	1.2333333333333334
2014-02-26 18:00:00	PARCO MONLUE' - PONTE LAMBRO	1.6
2014-02-26 19:00:00	PARCO MONLUE' - PONTE LAMBRO	0.7333333333333333
2014-02-26 20:00:00	PARCO MONLUE' - PONTE LAMBRO	1.0
2014-02-26 21:00:00	PARCO MONLUE' - PONTE LAMBRO	1.0
2014-02-26 22:00:00	PARCO MONLUE' - PONTE LAMBRO	1.0
2014-02-26 23:00:00	PARCO MONLUE' - PONTE LAMBRO	1.0666666666666667
2014-02-27 00:00:00	PARCO MONLUE' - PONTE LAMBRO	2.0
2014-02-27 01:00:00	PARCO MONLUE' - PONTE LAMBRO	2.0
2014-02-27 02:00:00	PARCO MONLUE' - PONTE LAMBRO	2.0
2014-02-27 03:00:00	PARCO MONLUE' - PONTE LAMBRO	2.0
2014-02-27 04:00:00	PARCO MONLUE' - PONTE LAMBRO	2.0
2014-02-27 05:00:00	PARCO MONLUE' - PONTE LAMBRO	2.0
2014-02-27 06:00:00	PARCO MONLUE' - PONTE LAMBRO	2.0
2014-02-27 07:00:00	PARCO MONLUE' - PONTE LAMBRO	2.0
2014-02-27 08:00:00	PARCO MONLUE' - PONTE LAMBRO	2.0
2014-02-27 09:00:00	PARCO MONLUE' - PONTE LAMBRO	2.4
2014-02-27 10:00:00	PARCO MONLUE' - PONTE LAMBRO	2.0
2014-02-27 11:00:00	PARCO MONLUE' - PONTE LAMBRO	2.0
2014-02-27 12:00:00	PARCO MONLUE' - PONTE LAMBRO	2.9
2014-02-27 13:00:00	PARCO MONLUE' - PONTE LAMBRO	3.0
2014-02-27 14:00:00	PARCO MONLUE' - PONTE LAMBRO	2.3666666666666667
2014-02-27 15:00:00	PARCO MONLUE' - PONTE LAMBRO	2.0
2014-02-27 16:00:00	PARCO MONLUE' - PONTE LAMBRO	1.1
2014-02-27 17:00:00	PARCO MONLUE' - PONTE LAMBRO	0.3
2014-02-28 00:00:00	PARCO MONLUE' - PONTE LAMBRO	0.06666666666666667
2014-02-28 01:00:00	PARCO MONLUE' - PONTE LAMBRO	0.9666666666666667
2014-02-28 02:00:00	PARCO MONLUE' - PONTE LAMBRO	1.0
2014-02-28 03:00:00	PARCO MONLUE' - PONTE LAMBRO	1.0
2014-02-28 04:00:00	PARCO MONLUE' - PONTE LAMBRO	1.0
2014-02-28 05:00:00	PARCO MONLUE' - PONTE LAMBRO	1.0333333333333334
2014-02-28 06:00:00	PARCO MONLUE' - PONTE LAMBRO	2.0
2014-02-28 07:00:00	PARCO MONLUE' - PONTE LAMBRO	2.0
2014-02-28 08:00:00	PARCO MONLUE' - PONTE LAMBRO	2.2666666666666666
2014-02-28 09:00:00	PARCO MONLUE' - PONTE LAMBRO	3.7666666666666666
2014-02-28 10:00:00	PARCO MONLUE' - PONTE LAMBRO	3.7333333333333334
2014-02-28 11:00:00	PARCO MONLUE' - PONTE LAMBRO	2.6
2014-02-28 12:00:00	PARCO MONLUE' - PONTE LAMBRO	3.0
2014-02-28 13:00:00	PARCO MONLUE' - PONTE LAMBRO	3.0
2014-02-28 14:00:00	PARCO MONLUE' - PONTE LAMBRO	2.433333333333333
2014-02-28 15:00:00	PARCO MONLUE' - PONTE LAMBRO	1.7666666666666666
2014-02-28 16:00:00	PARCO MONLUE' - PONTE LAMBRO	1.0
2014-02-28 17:00:00	PARCO MONLUE' - PONTE LAMBRO	0.9333333333333333
2014-02-28 18:00:00	PARCO MONLUE' - PONTE LAMBRO	0.9
2014-02-28 21:00:00	PARCO MONLUE' - PONTE LAMBRO	1.0
2014-02-28 22:00:00	PARCO MONLUE' - PONTE LAMBRO	0.7666666666666667
2014-03-01 21:00:00	PARCO MONLUE' - PONTE LAMBRO	0.36666666666666664
2014-03-01 22:00:00	PARCO MONLUE' - PONTE LAMBRO	1.0
2014-03-01 23:00:00	PARCO MONLUE' - PONTE LAMBRO	1.0
2014-03-02 00:00:00	PARCO MONLUE' - PONTE LAMBRO	1.0
2014-03-02 01:00:00	PARCO MONLUE' - PONTE LAMBRO	1.0
2014-03-02 02:00:00	PARCO MONLUE' - PONTE LAMBRO	0.9666666666666667
2014-03-02 03:00:00	PARCO MONLUE' - PONTE LAMBRO	0.7666666666666667
2014-03-02 04:00:00	PARCO MONLUE' - PONTE LAMBRO	1.0
2014-03-02 05:00:00	PARCO MONLUE' - PONTE LAMBRO	1.2333333333333334
2014-03-02 06:00:00	PARCO MONLUE' - PONTE LAMBRO	2.0
2014-03-02 07:00:00	PARCO MONLUE' - PONTE LAMBRO	2.0
2014-03-02 08:00:00	PARCO MONLUE' - PONTE LAMBRO	2.0
2014-03-02 09:00:00	PARCO MONLUE' - PONTE LAMBRO	2.0
2014-03-02 10:00:00	PARCO MONLUE' - PONTE LAMBRO	2.0
2014-03-02 11:00:00	PARCO MONLUE' - PONTE LAMBRO	2.0
2014-03-02 12:00:00	PARCO MONLUE' - PONTE LAMBRO	2.4
2014-03-02 13:00:00	PARCO MONLUE' - PONTE LAMBRO	3.2666666666666666
2014-03-02 14:00:00	PARCO MONLUE' - PONTE LAMBRO	2.7333333333333334
2014-03-02 15:00:00	PARCO MONLUE' - PONTE LAMBRO	1.9666666666666666
2014-03-02 16:00:00	PARCO MONLUE' - PONTE LAMBRO	2.0
2014-03-02 17:00:00	PARCO MONLUE' - PONTE LAMBRO	2.0
2014-03-02 18:00:00	PARCO MONLUE' - PONTE LAMBRO	2.0
2014-03-02 19:00:00	PARCO MONLUE' - PONTE LAMBRO	1.5
2014-03-02 20:00:00	PARCO MONLUE' - PONTE LAMBRO	1.0
2014-03-02 21:00:00	PARCO MONLUE' - PONTE LAMBRO	1.0
2014-03-02 22:00:00	PARCO MONLUE' - PONTE LAMBRO	1.0
2014-03-02 23:00:00	PARCO MONLUE' - PONTE LAMBRO	1.0
2014-02-24 08:00:00	PARCO NORD	0.4666666666666667
2014-02-24 09:00:00	PARCO NORD	1.0
2014-02-24 10:00:00	PARCO NORD	1.7666666666666666
2014-02-24 11:00:00	PARCO NORD	2.2666666666666666
2014-02-24 12:00:00	PARCO NORD	3.0
2014-02-24 13:00:00	PARCO NORD	2.4
2014-02-24 14:00:00	PARCO NORD	2.7333333333333334
2014-02-24 15:00:00	PARCO NORD	1.7333333333333334
2014-02-24 16:00:00	PARCO NORD	1.0
2014-02-24 17:00:00	PARCO NORD	1.0
2014-02-24 18:00:00	PARCO NORD	0.9
2014-02-24 19:00:00	PARCO NORD	1.0
2014-02-24 20:00:00	PARCO NORD	0.8
2014-03-01 11:00:00	PARCO NORD	0.03333333333333333
2014-03-01 12:00:00	PARCO NORD	1.0
2014-03-01 13:00:00	PARCO NORD	1.0
2014-03-01 14:00:00	PARCO NORD	0.6666666666666666
2014-03-02 00:00:00	PARCO NORD	0.7333333333333333
2014-03-02 01:00:00	PARCO NORD	1.0
2014-03-02 11:00:00	PARCO NORD	0.26666666666666666
2014-03-02 12:00:00	PARCO NORD	1.0
2014-03-02 13:00:00	PARCO NORD	1.0
2014-03-02 14:00:00	PARCO NORD	1.0
2014-03-02 15:00:00	PARCO NORD	1.0
2014-03-02 16:00:00	PARCO NORD	1.0
2014-03-02 17:00:00	PARCO NORD	1.0
2014-03-02 18:00:00	PARCO NORD	0.7
2014-02-24 02:00:00	PARCO SEMPIONE	0.7
2014-02-24 06:00:00	PARCO SEMPIONE	0.5333333333333333
2014-02-24 07:00:00	PARCO SEMPIONE	1.0
2014-02-24 08:00:00	PARCO SEMPIONE	0.9333333333333333
2014-02-24 09:00:00	PARCO SEMPIONE	0.5333333333333333
2014-02-24 10:00:00	PARCO SEMPIONE	1.0
2014-02-24 11:00:00	PARCO SEMPIONE	0.06666666666666667
2014-02-24 17:00:00	PARCO SEMPIONE	1.1333333333333333
2014-02-24 18:00:00	PARCO SEMPIONE	1.8333333333333333
2014-02-24 19:00:00	PARCO SEMPIONE	0.6333333333333333
2014-02-24 21:00:00	PARCO SEMPIONE	0.06666666666666667
2014-02-25 00:00:00	PARCO SEMPIONE	0.03333333333333333
2014-02-25 04:00:00	PARCO SEMPIONE	0.1
2014-02-25 05:00:00	PARCO SEMPIONE	0.9666666666666667
2014-02-25 06:00:00	PARCO SEMPIONE	1.0
2014-02-25 07:00:00	PARCO SEMPIONE	1.0
2014-02-25 08:00:00	PARCO SEMPIONE	1.0666666666666667
2014-02-25 09:00:00	PARCO SEMPIONE	1.2666666666666666
2014-02-25 10:00:00	PARCO SEMPIONE	1.1333333333333333
2014-02-25 11:00:00	PARCO SEMPIONE	1.5333333333333334
2014-02-25 12:00:00	PARCO SEMPIONE	0.3333333333333333
2014-02-25 14:00:00	PARCO SEMPIONE	0.6
2014-02-25 15:00:00	PARCO SEMPIONE	1.6333333333333333
2014-02-25 21:00:00	PARCO SEMPIONE	0.3333333333333333
2014-02-25 22:00:00	PARCO SEMPIONE	0.1
2014-02-26 00:00:00	PARCO SEMPIONE	0.3333333333333333
2014-02-26 01:00:00	PARCO SEMPIONE	0.4
2014-02-26 06:00:00	PARCO SEMPIONE	0.26666666666666666
2014-02-26 07:00:00	PARCO SEMPIONE	0.6666666666666666
2014-02-26 12:00:00	PARCO SEMPIONE	0.7
2014-02-26 15:00:00	PARCO SEMPIONE	0.06666666666666667
2014-02-26 16:00:00	PARCO SEMPIONE	0.36666666666666664
2014-02-26 17:00:00	PARCO SEMPIONE	0.5333333333333333
2014-02-26 19:00:00	PARCO SEMPIONE	0.26666666666666666
2014-02-26 23:00:00	PARCO SEMPIONE	0.3
2014-02-27 00:00:00	PARCO SEMPIONE	0.23333333333333334
2014-02-27 01:00:00	PARCO SEMPIONE	0.4
2014-02-27 02:00:00	PARCO SEMPIONE	0.03333333333333333
2014-02-27 10:00:00	PARCO SEMPIONE	0.03333333333333333
2014-02-27 11:00:00	PARCO SEMPIONE	1.5666666666666667
2014-02-27 12:00:00	PARCO SEMPIONE	0.5333333333333333
2014-02-27 13:00:00	PARCO SEMPIONE	0.7
2014-02-27 14:00:00	PARCO SEMPIONE	0.03333333333333333
2014-02-27 15:00:00	PARCO SEMPIONE	0.5333333333333333
2014-02-27 17:00:00	PARCO SEMPIONE	0.3333333333333333
2014-02-27 18:00:00	PARCO SEMPIONE	0.06666666666666667
2014-02-27 20:00:00	PARCO SEMPIONE	0.36666666666666664
2014-02-27 21:00:00	PARCO SEMPIONE	1.0
2014-02-27 22:00:00	PARCO SEMPIONE	0.7
2014-02-27 23:00:00	PARCO SEMPIONE	0.16666666666666666
2014-02-28 00:00:00	PARCO SEMPIONE	0.13333333333333333
2014-02-28 01:00:00	PARCO SEMPIONE	1.9333333333333333
2014-02-28 02:00:00	PARCO SEMPIONE	2.2666666666666666
2014-02-28 03:00:00	PARCO SEMPIONE	0.06666666666666667
2014-02-28 14:00:00	PARCO SEMPIONE	0.1
2014-02-28 19:00:00	PARCO SEMPIONE	0.03333333333333333
2014-02-28 21:00:00	PARCO SEMPIONE	0.03333333333333333
2014-02-28 22:00:00	PARCO SEMPIONE	0.03333333333333333
2014-02-28 23:00:00	PARCO SEMPIONE	0.3
2014-03-01 00:00:00	PARCO SEMPIONE	0.13333333333333333
2014-03-01 21:00:00	PARCO SEMPIONE	0.36666666666666664
2014-03-01 22:00:00	PARCO SEMPIONE	1.1333333333333333
2014-03-01 23:00:00	PARCO SEMPIONE	1.0333333333333334
2014-03-02 00:00:00	PARCO SEMPIONE	0.5
2014-03-02 01:00:00	PARCO SEMPIONE	0.16666666666666666
2014-03-02 09:00:00	PARCO SEMPIONE	0.16666666666666666
2014-03-02 10:00:00	PARCO SEMPIONE	1.0
2014-03-02 11:00:00	PARCO SEMPIONE	0.3
2014-03-02 15:00:00	PARCO SEMPIONE	0.23333333333333334
2014-03-02 16:00:00	PARCO SEMPIONE	0.8666666666666667
2014-03-02 17:00:00	PARCO SEMPIONE	0.6333333333333333
2014-03-02 18:00:00	PARCO SEMPIONE	0.5
2014-03-02 19:00:00	PARCO SEMPIONE	0.23333333333333334
2014-03-02 22:00:00	PARCO SEMPIONE	0.16666666666666666
2014-03-02 23:00:00	PARCO SEMPIONE	0.06666666666666667
2014-02-24 00:00:00	PORTA ROMANA	1.1333333333333333
2014-02-24 01:00:00	PORTA ROMANA	0.5333333333333333
2014-02-24 02:00:00	PORTA ROMANA	1.1
2014-02-24 03:00:00	PORTA ROMANA	2.7666666666666666
2014-02-24 04:00:00	PORTA ROMANA	2.0
2014-02-24 05:00:00	PORTA ROMANA	2.0
2014-02-24 06:00:00	PORTA ROMANA	1.8333333333333333
2014-02-24 08:00:00	PORTA ROMANA	0.3333333333333333
2014-02-24 09:00:00	PORTA ROMANA	0.4666666666666667
2014-02-24 10:00:00	PORTA ROMANA	1.1
2014-02-24 11:00:00	PORTA ROMANA	1.9666666666666666
2014-02-24 12:00:00	PORTA ROMANA	1.5
2014-02-24 13:00:00	PORTA ROMANA	2.3666666666666667
2014-02-24 14:00:00	PORTA ROMANA	1.2666666666666666
2014-02-24 16:00:00	PORTA ROMANA	0.03333333333333333
2014-02-24 17:00:00	PORTA ROMANA	2.8333333333333335
2014-02-24 18:00:00	PORTA ROMANA	1.8666666666666667
2014-02-24 19:00:00	PORTA ROMANA	2.1666666666666665
2014-02-24 20:00:00	PORTA ROMANA	1.6666666666666667
2014-02-24 21:00:00	PORTA ROMANA	2.033333333333333
2014-02-24 22:00:00	PORTA ROMANA	1.0333333333333334
2014-02-24 23:00:00	PORTA ROMANA	1.3666666666666667
2014-02-25 00:00:00	PORTA ROMANA	3.433333333333333
2014-02-25 01:00:00	PORTA ROMANA	4.533333333333333
2014-02-25 02:00:00	PORTA ROMANA	5.433333333333334
2014-02-25 03:00:00	PORTA ROMANA	6.0
2014-02-25 04:00:00	PORTA ROMANA	6.0
2014-02-25 05:00:00	PORTA ROMANA	4.466666666666667
2014-02-25 06:00:00	PORTA ROMANA	3.6
2014-02-25 07:00:00	PORTA ROMANA	1.6666666666666667
2014-02-25 08:00:00	PORTA ROMANA	0.5333333333333333
2014-02-25 09:00:00	PORTA ROMANA	0.5
2014-02-25 11:00:00	PORTA ROMANA	0.03333333333333333
2014-02-25 12:00:00	PORTA ROMANA	1.4333333333333333
2014-02-25 13:00:00	PORTA ROMANA	1.3333333333333333
2014-02-25 14:00:00	PORTA ROMANA	3.033333333333333
2014-02-25 15:00:00	PORTA ROMANA	3.1333333333333333
2014-02-25 16:00:00	PORTA ROMANA	2.7
2014-02-25 17:00:00	PORTA ROMANA	4.733333333333333
2014-02-25 18:00:00	PORTA ROMANA	1.3666666666666667
2014-02-25 19:00:00	PORTA ROMANA	1.1333333333333333
2014-02-25 20:00:00	PORTA ROMANA	0.36666666666666664
2014-02-25 21:00:00	PORTA ROMANA	1.1
2014-02-25 22:00:00	PORTA ROMANA	1.3666666666666667
2014-02-25 23:00:00	PORTA ROMANA	0.2
2014-02-26 00:00:00	PORTA ROMANA	0.7333333333333333
2014-02-26 01:00:00	PORTA ROMANA	3.4
2014-02-26 02:00:00	PORTA ROMANA	4.0
2014-02-26 03:00:00	PORTA ROMANA	4.866666666666666
2014-02-26 04:00:00	PORTA ROMANA	5.0
2014-02-26 05:00:00	PORTA ROMANA	3.6666666666666665
2014-02-26 06:00:00	PORTA ROMANA	4.733333333333333
2014-02-26 07:00:00	PORTA ROMANA	4.433333333333334
2014-02-26 08:00:00	PORTA ROMANA	1.3
2014-02-26 10:00:00	PORTA ROMANA	0.1
2014-02-26 11:00:00	PORTA ROMANA	0.6333333333333333
2014-02-26 12:00:00	PORTA ROMANA	0.1
2014-02-26 13:00:00	PORTA ROMANA	1.8333333333333333
2014-02-26 14:00:00	PORTA ROMANA	1.6
2014-02-26 15:00:00	PORTA ROMANA	1.6666666666666667
2014-02-26 16:00:00	PORTA ROMANA	1.2333333333333334
2014-02-26 17:00:00	PORTA ROMANA	3.1
2014-02-26 18:00:00	PORTA ROMANA	1.6
2014-02-26 19:00:00	PORTA ROMANA	0.4666666666666667
2014-02-26 20:00:00	PORTA ROMANA	0.3333333333333333
2014-02-26 21:00:00	PORTA ROMANA	0.36666666666666664
2014-02-26 22:00:00	PORTA ROMANA	0.7333333333333333
2014-02-26 23:00:00	PORTA ROMANA	0.23333333333333334
2014-02-27 00:00:00	PORTA ROMANA	0.6
2014-02-27 01:00:00	PORTA ROMANA	2.6
2014-02-27 02:00:00	PORTA ROMANA	4.933333333333334
2014-02-27 03:00:00	PORTA ROMANA	6.066666666666666
2014-02-27 04:00:00	PORTA ROMANA	7.0
2014-02-27 05:00:00	PORTA ROMANA	7.0
2014-02-27 06:00:00	PORTA ROMANA	6.966666666666667
2014-02-27 07:00:00	PORTA ROMANA	3.0
2014-02-27 08:00:00	PORTA ROMANA	0.6
2014-02-27 09:00:00	PORTA ROMANA	0.16666666666666666
2014-02-27 10:00:00	PORTA ROMANA	0.23333333333333334
2014-02-27 11:00:00	PORTA ROMANA	1.3666666666666667
2014-02-27 12:00:00	PORTA ROMANA	0.23333333333333334
2014-02-27 13:00:00	PORTA ROMANA	2.1666666666666665
2014-02-27 14:00:00	PORTA ROMANA	1.3
2014-02-27 15:00:00	PORTA ROMANA	3.2
2014-02-27 16:00:00	PORTA ROMANA	2.433333333333333
2014-02-27 17:00:00	PORTA ROMANA	1.9
2014-02-27 18:00:00	PORTA ROMANA	4.466666666666667
2014-02-27 19:00:00	PORTA ROMANA	1.2666666666666666
2014-02-27 20:00:00	PORTA ROMANA	0.23333333333333334
2014-02-27 21:00:00	PORTA ROMANA	0.6666666666666666
2014-02-27 22:00:00	PORTA ROMANA	0.6
2014-02-27 23:00:00	PORTA ROMANA	0.26666666666666666
2014-02-28 00:00:00	PORTA ROMANA	0.43333333333333335
2014-02-28 01:00:00	PORTA ROMANA	3.2
2014-02-28 02:00:00	PORTA ROMANA	4.866666666666666
2014-02-28 03:00:00	PORTA ROMANA	6.666666666666667
2014-02-28 04:00:00	PORTA ROMANA	7.0
2014-02-28 05:00:00	PORTA ROMANA	5.766666666666667
2014-02-28 06:00:00	PORTA ROMANA	5.0
2014-02-28 07:00:00	PORTA ROMANA	3.1
2014-02-28 08:00:00	PORTA ROMANA	0.36666666666666664
2014-02-28 09:00:00	PORTA ROMANA	0.6666666666666666
2014-02-28 10:00:00	PORTA ROMANA	0.9333333333333333
2014-02-28 11:00:00	PORTA ROMANA	0.6666666666666666
2014-02-28 12:00:00	PORTA ROMANA	2.1
2014-02-28 13:00:00	PORTA ROMANA	1.4333333333333333
2014-02-28 14:00:00	PORTA ROMANA	0.5666666666666667
2014-02-28 15:00:00	PORTA ROMANA	0.9
2014-02-28 16:00:00	PORTA ROMANA	0.6666666666666666
2014-02-28 17:00:00	PORTA ROMANA	3.466666666666667
2014-02-28 18:00:00	PORTA ROMANA	2.566666666666667
2014-02-28 19:00:00	PORTA ROMANA	0.7
2014-02-28 20:00:00	PORTA ROMANA	0.8
2014-02-28 21:00:00	PORTA ROMANA	3.3333333333333335
2014-02-28 22:00:00	PORTA ROMANA	1.3666666666666667
2014-02-28 23:00:00	PORTA ROMANA	0.2
2014-03-01 00:00:00	PORTA ROMANA	0.13333333333333333
2014-03-01 01:00:00	PORTA ROMANA	0.7666666666666667
2014-03-01 02:00:00	PORTA ROMANA	0.6666666666666666
2014-03-01 03:00:00	PORTA ROMANA	0.43333333333333335
2014-03-01 04:00:00	PORTA ROMANA	1.1
2014-03-01 05:00:00	PORTA ROMANA	1.0
2014-03-01 06:00:00	PORTA ROMANA	2.4
2014-03-01 07:00:00	PORTA ROMANA	2.433333333333333
2014-03-01 08:00:00	PORTA ROMANA	1.2
2014-03-01 09:00:00	PORTA ROMANA	0.1
2014-03-01 10:00:00	PORTA ROMANA	0.6666666666666666
2014-03-01 11:00:00	PORTA ROMANA	0.7333333333333333
2014-03-01 12:00:00	PORTA ROMANA	1.0666666666666667
2014-03-01 13:00:00	PORTA ROMANA	2.0
2014-03-01 14:00:00	PORTA ROMANA	0.5666666666666667
2014-03-01 15:00:00	PORTA ROMANA	1.3333333333333333
2014-03-01 16:00:00	PORTA ROMANA	2.0
2014-03-01 17:00:00	PORTA ROMANA	1.6
2014-03-01 18:00:00	PORTA ROMANA	2.1666666666666665
2014-03-01 19:00:00	PORTA ROMANA	0.5
2014-03-01 20:00:00	PORTA ROMANA	1.0333333333333334
2014-03-01 21:00:00	PORTA ROMANA	3.033333333333333
2014-03-01 22:00:00	PORTA ROMANA	0.7666666666666667
2014-03-01 23:00:00	PORTA ROMANA	0.26666666666666666
2014-03-02 00:00:00	PORTA ROMANA	0.36666666666666664
2014-03-02 01:00:00	PORTA ROMANA	1.4333333333333333
2014-03-02 02:00:00	PORTA ROMANA	2.8333333333333335
2014-03-02 03:00:00	PORTA ROMANA	3.7
2014-03-02 04:00:00	PORTA ROMANA	3.566666666666667
2014-03-02 05:00:00	PORTA ROMANA	4.966666666666667
2014-03-02 06:00:00	PORTA ROMANA	7.866666666666666
2014-03-02 07:00:00	PORTA ROMANA	7.633333333333334
2014-03-02 08:00:00	PORTA ROMANA	6.0
2014-03-02 09:00:00	PORTA ROMANA	4.733333333333333
2014-03-02 10:00:00	PORTA ROMANA	5.1
2014-03-02 11:00:00	PORTA ROMANA	1.6666666666666667
2014-03-02 12:00:00	PORTA ROMANA	0.3333333333333333
2014-03-02 13:00:00	PORTA ROMANA	1.0666666666666667
2014-03-02 14:00:00	PORTA ROMANA	0.7333333333333333
2014-03-02 15:00:00	PORTA ROMANA	1.1333333333333333
2014-03-02 16:00:00	PORTA ROMANA	1.2666666666666666
2014-03-02 17:00:00	PORTA ROMANA	1.6666666666666667
2014-03-02 18:00:00	PORTA ROMANA	1.6333333333333333
2014-03-02 19:00:00	PORTA ROMANA	0.8333333333333334
2014-03-02 20:00:00	PORTA ROMANA	0.8333333333333334
2014-03-02 21:00:00	PORTA ROMANA	2.3666666666666667
2014-03-02 22:00:00	PORTA ROMANA	1.1333333333333333
2014-03-02 23:00:00	PORTA ROMANA	0.5666666666666667
2014-02-24 00:00:00	PORTELLO	2.433333333333333
2014-02-24 01:00:00	PORTELLO	2.0
2014-02-24 02:00:00	PORTELLO	1.8666666666666667
2014-02-24 03:00:00	PORTELLO	1.0
2014-02-24 04:00:00	PORTELLO	1.0
2014-02-24 05:00:00	PORTELLO	1.4666666666666666
2014-02-24 06:00:00	PORTELLO	2.933333333333333
2014-02-24 07:00:00	PORTELLO	1.6
2014-02-24 08:00:00	PORTELLO	0.06666666666666667
2014-02-24 09:00:00	PORTELLO	0.5
2014-02-24 10:00:00	PORTELLO	0.8333333333333334
2014-02-24 11:00:00	PORTELLO	2.033333333333333
2014-02-24 12:00:00	PORTELLO	1.5
2014-02-24 13:00:00	PORTELLO	0.6
2014-02-24 14:00:00	PORTELLO	0.6666666666666666
2014-02-24 15:00:00	PORTELLO	0.7
2014-02-24 16:00:00	PORTELLO	0.6333333333333333
2014-02-24 17:00:00	PORTELLO	0.9
2014-02-24 18:00:00	PORTELLO	1.9666666666666666
2014-02-24 19:00:00	PORTELLO	0.9
2014-02-24 20:00:00	PORTELLO	2.1
2014-02-24 21:00:00	PORTELLO	2.0
2014-02-24 22:00:00	PORTELLO	0.8333333333333334
2014-02-24 23:00:00	PORTELLO	1.5333333333333334
2014-02-25 00:00:00	PORTELLO	3.0
2014-02-25 01:00:00	PORTELLO	3.0
2014-02-25 02:00:00	PORTELLO	2.1666666666666665
2014-02-25 03:00:00	PORTELLO	2.0
2014-02-25 04:00:00	PORTELLO	2.0
2014-02-25 05:00:00	PORTELLO	1.8666666666666667
2014-02-25 06:00:00	PORTELLO	1.0
2014-02-25 07:00:00	PORTELLO	0.43333333333333335
2014-02-25 08:00:00	PORTELLO	0.4666666666666667
2014-02-25 09:00:00	PORTELLO	0.9666666666666667
2014-02-25 10:00:00	PORTELLO	1.0
2014-02-25 11:00:00	PORTELLO	1.7333333333333334
2014-02-25 12:00:00	PORTELLO	2.433333333333333
2014-02-25 13:00:00	PORTELLO	2.0
2014-02-25 14:00:00	PORTELLO	1.1333333333333333
2014-02-25 15:00:00	PORTELLO	1.8333333333333333
2014-02-25 16:00:00	PORTELLO	2.1333333333333333
2014-02-25 17:00:00	PORTELLO	3.966666666666667
2014-02-25 18:00:00	PORTELLO	4.4
2014-02-25 19:00:00	PORTELLO	0.7666666666666667
2014-02-25 20:00:00	PORTELLO	0.6333333333333333
2014-02-25 21:00:00	PORTELLO	0.7
2014-02-25 22:00:00	PORTELLO	2.1333333333333333
2014-02-25 23:00:00	PORTELLO	1.7333333333333334
2014-02-26 00:00:00	PORTELLO	3.3333333333333335
2014-02-26 01:00:00	PORTELLO	4.466666666666667
2014-02-26 02:00:00	PORTELLO	3.7
2014-02-26 03:00:00	PORTELLO	1.3333333333333333
2014-02-26 05:00:00	PORTELLO	0.43333333333333335
2014-02-26 06:00:00	PORTELLO	0.1
2014-02-26 07:00:00	PORTELLO	0.36666666666666664
2014-02-26 08:00:00	PORTELLO	0.03333333333333333
2014-02-26 09:00:00	PORTELLO	0.06666666666666667
2014-02-26 10:00:00	PORTELLO	1.0666666666666667
2014-02-26 11:00:00	PORTELLO	1.9666666666666666
2014-02-26 12:00:00	PORTELLO	0.7666666666666667
2014-02-26 13:00:00	PORTELLO	0.9333333333333333
2014-02-26 14:00:00	PORTELLO	1.3
2014-02-26 15:00:00	PORTELLO	2.566666666666667
2014-02-26 16:00:00	PORTELLO	2.2666666666666666
2014-02-26 17:00:00	PORTELLO	2.2
2014-02-26 18:00:00	PORTELLO	0.5666666666666667
2014-02-26 19:00:00	PORTELLO	0.03333333333333333
2014-02-26 20:00:00	PORTELLO	0.6333333333333333
2014-02-26 21:00:00	PORTELLO	1.5
2014-02-26 22:00:00	PORTELLO	1.9
2014-02-26 23:00:00	PORTELLO	0.9666666666666667
2014-02-27 01:00:00	PORTELLO	0.43333333333333335
2014-02-27 02:00:00	PORTELLO	1.0
2014-02-27 03:00:00	PORTELLO	1.0
2014-02-27 04:00:00	PORTELLO	1.0
2014-02-27 05:00:00	PORTELLO	1.0
2014-02-27 06:00:00	PORTELLO	1.0333333333333334
2014-02-27 07:00:00	PORTELLO	1.0666666666666667
2014-02-27 08:00:00	PORTELLO	0.16666666666666666
2014-02-27 09:00:00	PORTELLO	0.23333333333333334
2014-02-27 10:00:00	PORTELLO	0.26666666666666666
2014-02-27 11:00:00	PORTELLO	0.23333333333333334
2014-02-27 12:00:00	PORTELLO	0.6666666666666666
2014-02-27 13:00:00	PORTELLO	1.0333333333333334
2014-02-27 14:00:00	PORTELLO	0.13333333333333333
2014-02-27 15:00:00	PORTELLO	0.4
2014-02-27 16:00:00	PORTELLO	1.1333333333333333
2014-02-27 17:00:00	PORTELLO	2.033333333333333
2014-02-27 18:00:00	PORTELLO	1.3
2014-02-27 19:00:00	PORTELLO	1.0
2014-02-27 20:00:00	PORTELLO	3.033333333333333
2014-02-27 21:00:00	PORTELLO	3.566666666666667
2014-02-27 22:00:00	PORTELLO	2.7
2014-02-27 23:00:00	PORTELLO	1.3333333333333333
2014-02-28 00:00:00	PORTELLO	0.03333333333333333
2014-02-28 04:00:00	PORTELLO	0.43333333333333335
2014-02-28 05:00:00	PORTELLO	0.9
2014-02-28 06:00:00	PORTELLO	0.8333333333333334
2014-02-28 07:00:00	PORTELLO	2.033333333333333
2014-02-28 08:00:00	PORTELLO	0.1
2014-02-28 09:00:00	PORTELLO	0.3
2014-02-28 11:00:00	PORTELLO	0.7
2014-02-28 12:00:00	PORTELLO	0.13333333333333333
2014-02-28 13:00:00	PORTELLO	1.7
2014-02-28 14:00:00	PORTELLO	2.8666666666666667
2014-02-28 15:00:00	PORTELLO	1.4666666666666666
2014-02-28 16:00:00	PORTELLO	0.03333333333333333
2014-02-28 18:00:00	PORTELLO	0.13333333333333333
2014-02-28 19:00:00	PORTELLO	0.43333333333333335
2014-02-28 21:00:00	PORTELLO	0.8333333333333334
2014-03-01 01:00:00	PORTELLO	0.03333333333333333
2014-03-01 02:00:00	PORTELLO	0.13333333333333333
2014-03-01 06:00:00	PORTELLO	0.5333333333333333
2014-03-01 07:00:00	PORTELLO	1.0
2014-03-01 08:00:00	PORTELLO	0.3333333333333333
2014-03-01 10:00:00	PORTELLO	0.03333333333333333
2014-03-01 11:00:00	PORTELLO	0.4666666666666667
2014-03-01 12:00:00	PORTELLO	1.5666666666666667
2014-03-01 13:00:00	PORTELLO	0.2
2014-03-01 14:00:00	PORTELLO	0.7666666666666667
2014-03-01 15:00:00	PORTELLO	0.23333333333333334
2014-03-01 16:00:00	PORTELLO	0.03333333333333333
2014-03-01 17:00:00	PORTELLO	0.2
2014-03-01 18:00:00	PORTELLO	0.6666666666666666
2014-03-01 19:00:00	PORTELLO	1.7
2014-03-01 20:00:00	PORTELLO	0.4
2014-03-01 21:00:00	PORTELLO	0.7
2014-03-01 22:00:00	PORTELLO	0.03333333333333333
2014-03-01 23:00:00	PORTELLO	0.06666666666666667
2014-03-02 00:00:00	PORTELLO	0.8666666666666667
2014-03-02 01:00:00	PORTELLO	1.4
2014-03-02 02:00:00	PORTELLO	0.9
2014-03-02 03:00:00	PORTELLO	1.2
2014-03-02 04:00:00	PORTELLO	1.2
2014-03-02 05:00:00	PORTELLO	0.8666666666666667
2014-03-02 06:00:00	PORTELLO	0.8
2014-03-02 07:00:00	PORTELLO	0.16666666666666666
2014-03-02 09:00:00	PORTELLO	0.6666666666666666
2014-03-02 10:00:00	PORTELLO	0.7666666666666667
2014-03-02 11:00:00	PORTELLO	0.6
2014-03-02 14:00:00	PORTELLO	0.3
2014-03-02 15:00:00	PORTELLO	1.0666666666666667
2014-03-02 16:00:00	PORTELLO	0.5333333333333333
2014-03-02 17:00:00	PORTELLO	0.36666666666666664
2014-03-02 18:00:00	PORTELLO	1.7333333333333334
2014-03-02 19:00:00	PORTELLO	1.6333333333333333
2014-03-02 20:00:00	PORTELLO	0.36666666666666664
2014-03-02 21:00:00	PORTELLO	0.43333333333333335
2014-03-02 22:00:00	PORTELLO	0.8333333333333334
2014-03-02 23:00:00	PORTELLO	0.13333333333333333
2014-02-24 00:00:00	QT 8	1.0
2014-02-24 01:00:00	QT 8	1.0333333333333334
2014-02-24 02:00:00	QT 8	2.0
2014-02-24 03:00:00	QT 8	2.0
2014-02-24 04:00:00	QT 8	2.0
2014-02-24 05:00:00	QT 8	2.0
2014-02-24 06:00:00	QT 8	2.0
2014-02-24 07:00:00	QT 8	1.1333333333333333
2014-02-24 08:00:00	QT 8	0.4
2014-02-24 14:00:00	QT 8	0.43333333333333335
2014-02-24 15:00:00	QT 8	1.7666666666666666
2014-02-24 16:00:00	QT 8	1.4333333333333333
2014-02-24 17:00:00	QT 8	2.3
2014-02-24 18:00:00	QT 8	1.8
2014-02-24 19:00:00	QT 8	2.0
2014-02-24 20:00:00	QT 8	2.0
2014-02-24 21:00:00	QT 8	4.433333333333334
2014-02-24 22:00:00	QT 8	3.0
2014-02-24 23:00:00	QT 8	3.1666666666666665
2014-02-25 00:00:00	QT 8	4.0
2014-02-25 01:00:00	QT 8	5.2
2014-02-25 02:00:00	QT 8	5.8
2014-02-25 03:00:00	QT 8	6.0
2014-02-25 04:00:00	QT 8	6.0
2014-02-25 05:00:00	QT 8	5.8
2014-02-25 06:00:00	QT 8	6.0
2014-02-25 07:00:00	QT 8	6.4
2014-02-25 08:00:00	QT 8	3.7666666666666666
2014-02-25 09:00:00	QT 8	1.0666666666666667
2014-02-25 19:00:00	QT 8	0.8333333333333334
2014-02-25 20:00:00	QT 8	0.6666666666666666
2014-02-26 00:00:00	QT 8	0.7666666666666667
2014-02-26 01:00:00	QT 8	1.5
2014-02-26 02:00:00	QT 8	2.0
2014-02-26 03:00:00	QT 8	2.0
2014-02-26 04:00:00	QT 8	2.0
2014-02-26 05:00:00	QT 8	2.0
2014-02-26 06:00:00	QT 8	2.0
2014-02-26 07:00:00	QT 8	2.0
2014-02-26 08:00:00	QT 8	2.0
2014-02-26 09:00:00	QT 8	1.1
2014-02-26 10:00:00	QT 8	1.0
2014-02-26 11:00:00	QT 8	0.7
2014-02-27 00:00:00	QT 8	1.2333333333333334
2014-02-27 01:00:00	QT 8	2.0
2014-02-27 02:00:00	QT 8	1.1666666666666667
2014-02-27 03:00:00	QT 8	1.0
2014-02-27 04:00:00	QT 8	1.0
2014-02-27 05:00:00	QT 8	1.0
2014-02-27 06:00:00	QT 8	1.0
2014-02-27 07:00:00	QT 8	0.8666666666666667
2014-02-27 10:00:00	QT 8	0.3
2014-02-27 11:00:00	QT 8	1.0
2014-02-27 12:00:00	QT 8	1.0
2014-02-27 13:00:00	QT 8	1.4666666666666666
2014-02-27 14:00:00	QT 8	1.3666666666666667
2014-02-27 15:00:00	QT 8	1.0
2014-02-27 16:00:00	QT 8	0.5333333333333333
2014-02-27 18:00:00	QT 8	0.1
2014-02-28 08:00:00	QT 8	0.7333333333333333
2014-02-28 09:00:00	QT 8	1.0
2014-02-28 10:00:00	QT 8	0.9333333333333333
2014-02-28 11:00:00	QT 8	0.03333333333333333
2014-02-28 15:00:00	QT 8	0.26666666666666666
2014-02-28 16:00:00	QT 8	0.6
2014-02-28 17:00:00	QT 8	1.6333333333333333
2014-02-28 18:00:00	QT 8	0.8333333333333334
2014-02-28 19:00:00	QT 8	0.5
2014-02-28 20:00:00	QT 8	0.4
2014-02-28 22:00:00	QT 8	0.3333333333333333
2014-03-01 01:00:00	QT 8	0.4666666666666667
2014-03-01 02:00:00	QT 8	0.7666666666666667
2014-03-01 03:00:00	QT 8	0.2
2014-03-01 06:00:00	QT 8	0.3
2014-03-01 07:00:00	QT 8	2.0
2014-03-01 08:00:00	QT 8	1.7
2014-03-01 09:00:00	QT 8	1.9666666666666666
2014-03-01 10:00:00	QT 8	0.23333333333333334
2014-03-01 11:00:00	QT 8	0.3333333333333333
2014-03-01 16:00:00	QT 8	0.16666666666666666
2014-03-01 17:00:00	QT 8	1.0
2014-03-01 18:00:00	QT 8	1.0
2014-03-01 19:00:00	QT 8	1.0
2014-03-01 20:00:00	QT 8	1.0
2014-03-02 01:00:00	QT 8	0.7666666666666667
2014-03-02 02:00:00	QT 8	0.9666666666666667
2014-03-02 03:00:00	QT 8	1.3666666666666667
2014-03-02 04:00:00	QT 8	1.4666666666666666
2014-03-02 05:00:00	QT 8	1.8666666666666667
2014-03-02 06:00:00	QT 8	3.0
2014-03-02 07:00:00	QT 8	3.9
2014-03-02 08:00:00	QT 8	4.166666666666667
2014-03-02 09:00:00	QT 8	4.633333333333334
2014-03-02 10:00:00	QT 8	5.0
2014-03-02 11:00:00	QT 8	4.466666666666667
2014-03-02 12:00:00	QT 8	3.0
2014-03-02 13:00:00	QT 8	2.0
2014-03-02 14:00:00	QT 8	2.3333333333333335
2014-03-02 15:00:00	QT 8	3.1
2014-03-02 16:00:00	QT 8	4.8
2014-03-02 17:00:00	QT 8	4.0
2014-03-02 18:00:00	QT 8	3.3666666666666667
2014-03-02 19:00:00	QT 8	5.033333333333333
2014-03-02 20:00:00	QT 8	4.2
2014-03-02 21:00:00	QT 8	2.7333333333333334
2014-03-02 22:00:00	QT 8	3.2
2014-03-02 23:00:00	QT 8	0.7333333333333333
2014-02-24 00:00:00	QUARTO CAGNINO	4.766666666666667
2014-02-24 01:00:00	QUARTO CAGNINO	3.1333333333333333
2014-02-24 02:00:00	QUARTO CAGNINO	3.0
2014-02-24 03:00:00	QUARTO CAGNINO	3.0
2014-02-24 04:00:00	QUARTO CAGNINO	3.0
2014-02-24 05:00:00	QUARTO CAGNINO	2.8
2014-02-24 06:00:00	QUARTO CAGNINO	2.0
2014-02-24 07:00:00	QUARTO CAGNINO	2.466666666666667
2014-02-24 08:00:00	QUARTO CAGNINO	2.4
2014-02-24 09:00:00	QUARTO CAGNINO	3.566666666666667
2014-02-24 10:00:00	QUARTO CAGNINO	3.2
2014-02-24 11:00:00	QUARTO CAGNINO	3.8333333333333335
2014-02-24 12:00:00	QUARTO CAGNINO	4.0
2014-02-24 13:00:00	QUARTO CAGNINO	4.0
2014-02-24 14:00:00	QUARTO CAGNINO	3.9
2014-02-24 15:00:00	QUARTO CAGNINO	3.8666666666666667
2014-02-24 16:00:00	QUARTO CAGNINO	3.433333333333333
2014-02-24 17:00:00	QUARTO CAGNINO	4.0
2014-02-24 18:00:00	QUARTO CAGNINO	4.466666666666667
2014-02-24 19:00:00	QUARTO CAGNINO	4.2
2014-02-24 20:00:00	QUARTO CAGNINO	3.7
2014-02-24 21:00:00	QUARTO CAGNINO	3.3666666666666667
2014-02-24 22:00:00	QUARTO CAGNINO	2.1
2014-02-24 23:00:00	QUARTO CAGNINO	3.933333333333333
2014-02-25 00:00:00	QUARTO CAGNINO	3.7
2014-02-25 01:00:00	QUARTO CAGNINO	4.0
2014-02-25 02:00:00	QUARTO CAGNINO	3.8666666666666667
2014-02-25 03:00:00	QUARTO CAGNINO	4.0
2014-02-25 04:00:00	QUARTO CAGNINO	4.0
2014-02-25 05:00:00	QUARTO CAGNINO	3.8666666666666667
2014-02-25 06:00:00	QUARTO CAGNINO	4.0
2014-02-25 07:00:00	QUARTO CAGNINO	4.0
2014-02-25 08:00:00	QUARTO CAGNINO	4.0
2014-02-25 09:00:00	QUARTO CAGNINO	4.0
2014-02-25 10:00:00	QUARTO CAGNINO	4.666666666666667
2014-02-25 11:00:00	QUARTO CAGNINO	5.0
2014-02-25 12:00:00	QUARTO CAGNINO	4.366666666666666
2014-02-25 13:00:00	QUARTO CAGNINO	4.0
2014-02-25 14:00:00	QUARTO CAGNINO	4.0
2014-02-25 15:00:00	QUARTO CAGNINO	4.0
2014-02-25 16:00:00	QUARTO CAGNINO	4.0
2014-02-25 17:00:00	QUARTO CAGNINO	4.333333333333333
2014-02-25 18:00:00	QUARTO CAGNINO	3.433333333333333
2014-02-25 19:00:00	QUARTO CAGNINO	4.0
2014-02-25 20:00:00	QUARTO CAGNINO	4.4
2014-02-25 21:00:00	QUARTO CAGNINO	4.566666666666666
2014-02-25 22:00:00	QUARTO CAGNINO	3.433333333333333
2014-02-25 23:00:00	QUARTO CAGNINO	4.533333333333333
2014-02-26 00:00:00	QUARTO CAGNINO	5.866666666666666
2014-02-26 01:00:00	QUARTO CAGNINO	7.0
2014-02-26 02:00:00	QUARTO CAGNINO	7.0
2014-02-26 03:00:00	QUARTO CAGNINO	7.0
2014-02-26 04:00:00	QUARTO CAGNINO	7.0
2014-02-26 05:00:00	QUARTO CAGNINO	7.0
2014-02-26 06:00:00	QUARTO CAGNINO	6.2
2014-02-26 07:00:00	QUARTO CAGNINO	8.766666666666667
2014-02-26 08:00:00	QUARTO CAGNINO	8.0
2014-02-26 09:00:00	QUARTO CAGNINO	7.633333333333334
2014-02-26 10:00:00	QUARTO CAGNINO	7.133333333333334
2014-02-26 11:00:00	QUARTO CAGNINO	6.266666666666667
2014-02-26 12:00:00	QUARTO CAGNINO	5.633333333333334
2014-02-26 13:00:00	QUARTO CAGNINO	4.0
2014-02-26 14:00:00	QUARTO CAGNINO	3.2
2014-02-26 15:00:00	QUARTO CAGNINO	3.0
2014-02-26 16:00:00	QUARTO CAGNINO	3.066666666666667
2014-02-26 17:00:00	QUARTO CAGNINO	4.0
2014-02-26 18:00:00	QUARTO CAGNINO	3.8666666666666667
2014-02-26 19:00:00	QUARTO CAGNINO	4.133333333333334
2014-02-26 20:00:00	QUARTO CAGNINO	5.733333333333333
2014-02-26 21:00:00	QUARTO CAGNINO	6.0
2014-02-26 22:00:00	QUARTO CAGNINO	6.0
2014-02-26 23:00:00	QUARTO CAGNINO	6.0
2014-02-27 00:00:00	QUARTO CAGNINO	6.6
2014-02-27 01:00:00	QUARTO CAGNINO	7.0
2014-02-27 02:00:00	QUARTO CAGNINO	7.0
2014-02-27 03:00:00	QUARTO CAGNINO	7.0
2014-02-27 04:00:00	QUARTO CAGNINO	7.0
2014-02-27 05:00:00	QUARTO CAGNINO	7.0
2014-02-27 06:00:00	QUARTO CAGNINO	6.433333333333334
2014-02-27 07:00:00	QUARTO CAGNINO	6.033333333333333
2014-02-27 08:00:00	QUARTO CAGNINO	6.3
2014-02-27 09:00:00	QUARTO CAGNINO	5.233333333333333
2014-02-27 10:00:00	QUARTO CAGNINO	4.0
2014-02-27 11:00:00	QUARTO CAGNINO	4.266666666666667
2014-02-27 12:00:00	QUARTO CAGNINO	6.0
2014-02-27 13:00:00	QUARTO CAGNINO	5.833333333333333
2014-02-27 14:00:00	QUARTO CAGNINO	4.4
2014-02-27 15:00:00	QUARTO CAGNINO	5.433333333333334
2014-02-27 16:00:00	QUARTO CAGNINO	4.733333333333333
2014-02-27 17:00:00	QUARTO CAGNINO	4.6
2014-02-27 18:00:00	QUARTO CAGNINO	5.666666666666667
2014-02-27 19:00:00	QUARTO CAGNINO	6.166666666666667
2014-02-27 20:00:00	QUARTO CAGNINO	6.0
2014-02-27 21:00:00	QUARTO CAGNINO	6.0
2014-02-27 22:00:00	QUARTO CAGNINO	5.433333333333334
2014-02-27 23:00:00	QUARTO CAGNINO	5.0
2014-02-28 00:00:00	QUARTO CAGNINO	4.866666666666666
2014-02-28 01:00:00	QUARTO CAGNINO	4.833333333333333
2014-02-28 02:00:00	QUARTO CAGNINO	5.0
2014-02-28 03:00:00	QUARTO CAGNINO	5.0
2014-02-28 04:00:00	QUARTO CAGNINO	5.0
2014-02-28 05:00:00	QUARTO CAGNINO	5.0
2014-02-28 06:00:00	QUARTO CAGNINO	5.966666666666667
2014-02-28 07:00:00	QUARTO CAGNINO	7.0
2014-02-28 08:00:00	QUARTO CAGNINO	5.666666666666667
2014-02-28 09:00:00	QUARTO CAGNINO	5.566666666666666
2014-02-28 10:00:00	QUARTO CAGNINO	4.366666666666666
2014-02-28 11:00:00	QUARTO CAGNINO	3.466666666666667
2014-02-28 12:00:00	QUARTO CAGNINO	3.6666666666666665
2014-02-28 13:00:00	QUARTO CAGNINO	3.0
2014-02-28 14:00:00	QUARTO CAGNINO	3.0
2014-02-28 15:00:00	QUARTO CAGNINO	3.566666666666667
2014-02-28 16:00:00	QUARTO CAGNINO	3.933333333333333
2014-02-28 17:00:00	QUARTO CAGNINO	3.5
2014-02-28 18:00:00	QUARTO CAGNINO	2.566666666666667
2014-02-28 19:00:00	QUARTO CAGNINO	2.0
2014-02-28 20:00:00	QUARTO CAGNINO	0.9666666666666667
2014-02-28 21:00:00	QUARTO CAGNINO	1.1666666666666667
2014-02-28 22:00:00	QUARTO CAGNINO	1.3666666666666667
2014-02-28 23:00:00	QUARTO CAGNINO	0.9333333333333333
2014-03-01 00:00:00	QUARTO CAGNINO	0.36666666666666664
2014-03-01 01:00:00	QUARTO CAGNINO	2.1
2014-03-01 02:00:00	QUARTO CAGNINO	2.3
2014-03-01 03:00:00	QUARTO CAGNINO	2.6
2014-03-01 04:00:00	QUARTO CAGNINO	3.0
2014-03-01 05:00:00	QUARTO CAGNINO	3.0
2014-03-01 06:00:00	QUARTO CAGNINO	3.0
2014-03-01 07:00:00	QUARTO CAGNINO	3.0
2014-03-01 08:00:00	QUARTO CAGNINO	2.466666666666667
2014-03-01 09:00:00	QUARTO CAGNINO	2.0
2014-03-01 10:00:00	QUARTO CAGNINO	3.7
2014-03-01 11:00:00	QUARTO CAGNINO	5.1
2014-03-01 12:00:00	QUARTO CAGNINO	6.066666666666666
2014-03-01 13:00:00	QUARTO CAGNINO	7.566666666666666
2014-03-01 14:00:00	QUARTO CAGNINO	9.0
2014-03-01 15:00:00	QUARTO CAGNINO	8.166666666666666
2014-03-01 16:00:00	QUARTO CAGNINO	8.566666666666666
2014-03-01 17:00:00	QUARTO CAGNINO	8.666666666666666
2014-03-01 18:00:00	QUARTO CAGNINO	9.5
2014-03-01 19:00:00	QUARTO CAGNINO	9.033333333333333
2014-03-01 20:00:00	QUARTO CAGNINO	8.966666666666667
2014-03-01 21:00:00	QUARTO CAGNINO	7.8
2014-03-01 22:00:00	QUARTO CAGNINO	6.933333333333334
2014-03-01 23:00:00	QUARTO CAGNINO	6.433333333333334
2014-03-02 00:00:00	QUARTO CAGNINO	7.0
2014-03-02 01:00:00	QUARTO CAGNINO	7.0
2014-03-02 02:00:00	QUARTO CAGNINO	6.233333333333333
2014-03-02 03:00:00	QUARTO CAGNINO	6.0
2014-03-02 04:00:00	QUARTO CAGNINO	6.0
2014-03-02 05:00:00	QUARTO CAGNINO	5.2
2014-03-02 06:00:00	QUARTO CAGNINO	6.0
2014-03-02 07:00:00	QUARTO CAGNINO	6.0
2014-03-02 08:00:00	QUARTO CAGNINO	6.0
2014-03-02 09:00:00	QUARTO CAGNINO	6.0
2014-03-02 10:00:00	QUARTO CAGNINO	6.0
2014-03-02 11:00:00	QUARTO CAGNINO	6.066666666666666
2014-03-02 12:00:00	QUARTO CAGNINO	7.7
2014-03-02 13:00:00	QUARTO CAGNINO	7.5
2014-03-02 14:00:00	QUARTO CAGNINO	7.666666666666667
2014-03-02 15:00:00	QUARTO CAGNINO	8.333333333333334
2014-03-02 16:00:00	QUARTO CAGNINO	9.1
2014-03-02 17:00:00	QUARTO CAGNINO	8.766666666666667
2014-03-02 18:00:00	QUARTO CAGNINO	8.0
2014-03-02 19:00:00	QUARTO CAGNINO	7.5
2014-03-02 20:00:00	QUARTO CAGNINO	8.433333333333334
2014-03-02 21:00:00	QUARTO CAGNINO	7.6
2014-03-02 22:00:00	QUARTO CAGNINO	7.433333333333334
2014-03-02 23:00:00	QUARTO CAGNINO	6.9
2014-02-24 00:00:00	QUARTO OGGIARO	6.866666666666666
2014-02-24 01:00:00	QUARTO OGGIARO	6.0
2014-02-24 02:00:00	QUARTO OGGIARO	6.0
2014-02-24 03:00:00	QUARTO OGGIARO	6.0
2014-02-24 04:00:00	QUARTO OGGIARO	5.433333333333334
2014-02-24 05:00:00	QUARTO OGGIARO	5.0
2014-02-24 06:00:00	QUARTO OGGIARO	4.866666666666666
2014-02-24 07:00:00	QUARTO OGGIARO	4.2
2014-02-24 08:00:00	QUARTO OGGIARO	4.466666666666667
2014-02-24 09:00:00	QUARTO OGGIARO	4.533333333333333
2014-02-24 10:00:00	QUARTO OGGIARO	5.9
2014-02-24 11:00:00	QUARTO OGGIARO	7.833333333333333
2014-02-24 12:00:00	QUARTO OGGIARO	8.0
2014-02-24 13:00:00	QUARTO OGGIARO	9.5
2014-02-24 14:00:00	QUARTO OGGIARO	7.933333333333334
2014-02-24 15:00:00	QUARTO OGGIARO	6.0
2014-02-24 16:00:00	QUARTO OGGIARO	6.5
2014-02-24 17:00:00	QUARTO OGGIARO	6.2
2014-02-24 18:00:00	QUARTO OGGIARO	3.933333333333333
2014-02-24 19:00:00	QUARTO OGGIARO	4.2
2014-02-24 20:00:00	QUARTO OGGIARO	8.7
2014-02-24 21:00:00	QUARTO OGGIARO	10.0
2014-02-24 22:00:00	QUARTO OGGIARO	4.733333333333333
2014-02-24 23:00:00	QUARTO OGGIARO	6.4
2014-02-25 00:00:00	QUARTO OGGIARO	8.433333333333334
2014-02-25 01:00:00	QUARTO OGGIARO	9.033333333333333
2014-02-25 02:00:00	QUARTO OGGIARO	10.1
2014-02-25 03:00:00	QUARTO OGGIARO	11.0
2014-02-25 04:00:00	QUARTO OGGIARO	11.0
2014-02-25 05:00:00	QUARTO OGGIARO	10.633333333333333
2014-02-25 06:00:00	QUARTO OGGIARO	10.333333333333334
2014-02-25 07:00:00	QUARTO OGGIARO	9.466666666666667
2014-02-25 08:00:00	QUARTO OGGIARO	9.266666666666667
2014-02-25 09:00:00	QUARTO OGGIARO	10.0
2014-02-25 10:00:00	QUARTO OGGIARO	9.266666666666667
2014-02-25 11:00:00	QUARTO OGGIARO	9.433333333333334
2014-02-25 12:00:00	QUARTO OGGIARO	9.166666666666666
2014-02-25 13:00:00	QUARTO OGGIARO	9.666666666666666
2014-02-25 14:00:00	QUARTO OGGIARO	10.0
2014-02-25 15:00:00	QUARTO OGGIARO	10.166666666666666
2014-02-25 16:00:00	QUARTO OGGIARO	11.0
2014-02-25 17:00:00	QUARTO OGGIARO	10.866666666666667
2014-02-25 18:00:00	QUARTO OGGIARO	12.1
2014-02-25 19:00:00	QUARTO OGGIARO	12.4
2014-02-25 20:00:00	QUARTO OGGIARO	11.833333333333334
2014-02-25 21:00:00	QUARTO OGGIARO	13.566666666666666
2014-02-25 22:00:00	QUARTO OGGIARO	14.333333333333334
2014-02-25 23:00:00	QUARTO OGGIARO	13.766666666666667
2014-02-26 00:00:00	QUARTO OGGIARO	13.466666666666667
2014-02-26 01:00:00	QUARTO OGGIARO	14.0
2014-02-26 02:00:00	QUARTO OGGIARO	14.0
2014-02-26 03:00:00	QUARTO OGGIARO	14.0
2014-02-26 04:00:00	QUARTO OGGIARO	14.0
2014-02-26 05:00:00	QUARTO OGGIARO	14.0
2014-02-26 06:00:00	QUARTO OGGIARO	13.7
2014-02-26 07:00:00	QUARTO OGGIARO	11.266666666666667
2014-02-26 08:00:00	QUARTO OGGIARO	10.6
2014-02-26 09:00:00	QUARTO OGGIARO	8.0
2014-02-26 10:00:00	QUARTO OGGIARO	7.333333333333333
2014-02-26 11:00:00	QUARTO OGGIARO	7.966666666666667
2014-02-26 12:00:00	QUARTO OGGIARO	7.866666666666666
2014-02-26 13:00:00	QUARTO OGGIARO	8.733333333333333
2014-02-26 14:00:00	QUARTO OGGIARO	9.866666666666667
2014-02-26 15:00:00	QUARTO OGGIARO	9.433333333333334
2014-02-26 16:00:00	QUARTO OGGIARO	10.033333333333333
2014-02-26 17:00:00	QUARTO OGGIARO	11.6
2014-02-26 18:00:00	QUARTO OGGIARO	10.066666666666666
2014-02-26 19:00:00	QUARTO OGGIARO	11.9
2014-02-26 20:00:00	QUARTO OGGIARO	12.0
2014-02-26 21:00:00	QUARTO OGGIARO	12.2
2014-02-26 22:00:00	QUARTO OGGIARO	11.933333333333334
2014-02-26 23:00:00	QUARTO OGGIARO	12.0
2014-02-27 00:00:00	QUARTO OGGIARO	11.9
2014-02-27 01:00:00	QUARTO OGGIARO	12.933333333333334
2014-02-27 02:00:00	QUARTO OGGIARO	13.7
2014-02-27 03:00:00	QUARTO OGGIARO	14.0
2014-02-27 04:00:00	QUARTO OGGIARO	14.0
2014-02-27 05:00:00	QUARTO OGGIARO	14.0
2014-02-27 06:00:00	QUARTO OGGIARO	15.133333333333333
2014-02-27 07:00:00	QUARTO OGGIARO	15.8
2014-02-27 08:00:00	QUARTO OGGIARO	16.9
2014-02-27 09:00:00	QUARTO OGGIARO	16.533333333333335
2014-02-27 10:00:00	QUARTO OGGIARO	15.1
2014-02-27 11:00:00	QUARTO OGGIARO	15.766666666666667
2014-02-27 12:00:00	QUARTO OGGIARO	16.0
2014-02-27 13:00:00	QUARTO OGGIARO	16.3
2014-02-27 14:00:00	QUARTO OGGIARO	11.733333333333333
2014-02-27 15:00:00	QUARTO OGGIARO	15.8
2014-02-27 16:00:00	QUARTO OGGIARO	16.9
2014-02-27 17:00:00	QUARTO OGGIARO	17.466666666666665
2014-02-27 18:00:00	QUARTO OGGIARO	17.0
2014-02-27 19:00:00	QUARTO OGGIARO	17.366666666666667
2014-02-27 20:00:00	QUARTO OGGIARO	19.3
2014-02-27 21:00:00	QUARTO OGGIARO	18.666666666666668
2014-02-27 22:00:00	QUARTO OGGIARO	17.066666666666666
2014-02-27 23:00:00	QUARTO OGGIARO	17.566666666666666
2014-02-28 00:00:00	QUARTO OGGIARO	17.4
2014-02-28 01:00:00	QUARTO OGGIARO	17.266666666666666
2014-02-28 02:00:00	QUARTO OGGIARO	18.0
2014-02-28 03:00:00	QUARTO OGGIARO	18.0
2014-02-28 04:00:00	QUARTO OGGIARO	18.433333333333334
2014-02-28 05:00:00	QUARTO OGGIARO	19.9
2014-02-28 06:00:00	QUARTO OGGIARO	20.166666666666668
2014-02-28 07:00:00	QUARTO OGGIARO	21.0
2014-02-28 08:00:00	QUARTO OGGIARO	21.633333333333333
2014-02-28 09:00:00	QUARTO OGGIARO	20.366666666666667
2014-02-28 10:00:00	QUARTO OGGIARO	16.566666666666666
2014-02-28 11:00:00	QUARTO OGGIARO	15.5
2014-02-28 12:00:00	QUARTO OGGIARO	18.733333333333334
2014-02-28 13:00:00	QUARTO OGGIARO	20.433333333333334
2014-02-28 14:00:00	QUARTO OGGIARO	21.233333333333334
2014-02-28 15:00:00	QUARTO OGGIARO	21.333333333333332
2014-02-28 16:00:00	QUARTO OGGIARO	20.466666666666665
2014-02-28 17:00:00	QUARTO OGGIARO	20.166666666666668
2014-02-28 18:00:00	QUARTO OGGIARO	19.166666666666668
2014-02-28 19:00:00	QUARTO OGGIARO	20.0
2014-02-28 20:00:00	QUARTO OGGIARO	20.933333333333334
2014-02-28 21:00:00	QUARTO OGGIARO	19.1
2014-02-28 22:00:00	QUARTO OGGIARO	17.166666666666668
2014-02-28 23:00:00	QUARTO OGGIARO	17.9
2014-03-01 00:00:00	QUARTO OGGIARO	18.0
2014-03-01 01:00:00	QUARTO OGGIARO	19.666666666666668
2014-03-01 02:00:00	QUARTO OGGIARO	15.366666666666667
2014-03-01 03:00:00	QUARTO OGGIARO	18.1
2014-03-01 04:00:00	QUARTO OGGIARO	21.4
2014-03-01 05:00:00	QUARTO OGGIARO	21.966666666666665
2014-03-01 06:00:00	QUARTO OGGIARO	21.633333333333333
2014-03-01 07:00:00	QUARTO OGGIARO	22.366666666666667
2014-03-01 08:00:00	QUARTO OGGIARO	21.266666666666666
2014-03-01 09:00:00	QUARTO OGGIARO	20.5
2014-03-01 10:00:00	QUARTO OGGIARO	20.166666666666668
2014-03-01 11:00:00	QUARTO OGGIARO	19.133333333333333
2014-03-01 12:00:00	QUARTO OGGIARO	21.4
2014-03-01 13:00:00	QUARTO OGGIARO	21.133333333333333
2014-03-01 14:00:00	QUARTO OGGIARO	20.5
2014-03-01 15:00:00	QUARTO OGGIARO	19.333333333333332
2014-03-01 16:00:00	QUARTO OGGIARO	19.066666666666666
2014-03-01 17:00:00	QUARTO OGGIARO	17.8
2014-03-01 18:00:00	QUARTO OGGIARO	16.933333333333334
2014-03-01 19:00:00	QUARTO OGGIARO	16.1
2014-03-01 20:00:00	QUARTO OGGIARO	15.566666666666666
2014-03-01 21:00:00	QUARTO OGGIARO	15.4
2014-03-01 22:00:00	QUARTO OGGIARO	14.366666666666667
2014-03-01 23:00:00	QUARTO OGGIARO	14.0
2014-03-02 00:00:00	QUARTO OGGIARO	14.0
2014-03-02 01:00:00	QUARTO OGGIARO	13.066666666666666
2014-03-02 02:00:00	QUARTO OGGIARO	12.566666666666666
2014-03-02 03:00:00	QUARTO OGGIARO	12.966666666666667
2014-03-02 04:00:00	QUARTO OGGIARO	13.366666666666667
2014-03-02 05:00:00	QUARTO OGGIARO	12.133333333333333
2014-03-02 06:00:00	QUARTO OGGIARO	13.333333333333334
2014-03-02 07:00:00	QUARTO OGGIARO	13.8
2014-03-02 08:00:00	QUARTO OGGIARO	13.0
2014-03-02 09:00:00	QUARTO OGGIARO	13.0
2014-03-02 10:00:00	QUARTO OGGIARO	12.733333333333333
2014-03-02 11:00:00	QUARTO OGGIARO	12.0
2014-03-02 12:00:00	QUARTO OGGIARO	12.733333333333333
2014-03-02 13:00:00	QUARTO OGGIARO	13.233333333333333
2014-03-02 14:00:00	QUARTO OGGIARO	13.8
2014-03-02 15:00:00	QUARTO OGGIARO	13.533333333333333
2014-03-02 16:00:00	QUARTO OGGIARO	12.066666666666666
2014-03-02 17:00:00	QUARTO OGGIARO	11.666666666666666
2014-03-02 18:00:00	QUARTO OGGIARO	11.733333333333333
2014-03-02 19:00:00	QUARTO OGGIARO	13.033333333333333
2014-03-02 20:00:00	QUARTO OGGIARO	12.633333333333333
2014-03-02 21:00:00	QUARTO OGGIARO	12.0
2014-03-02 22:00:00	QUARTO OGGIARO	10.366666666666667
2014-03-02 23:00:00	QUARTO OGGIARO	10.833333333333334
2014-02-24 00:00:00	QUINTO ROMANO	1.0
2014-02-24 01:00:00	QUINTO ROMANO	1.0
2014-02-24 02:00:00	QUINTO ROMANO	1.0
2014-02-24 03:00:00	QUINTO ROMANO	1.0
2014-02-24 04:00:00	QUINTO ROMANO	1.0
2014-02-24 05:00:00	QUINTO ROMANO	1.0
2014-02-24 06:00:00	QUINTO ROMANO	1.0
2014-02-24 07:00:00	QUINTO ROMANO	1.0
2014-02-24 08:00:00	QUINTO ROMANO	0.9
2014-02-24 09:00:00	QUINTO ROMANO	1.0
2014-02-24 10:00:00	QUINTO ROMANO	1.0
2014-02-24 11:00:00	QUINTO ROMANO	1.0
2014-02-24 12:00:00	QUINTO ROMANO	1.1333333333333333
2014-02-24 13:00:00	QUINTO ROMANO	2.0
2014-02-24 14:00:00	QUINTO ROMANO	2.0
2014-02-24 15:00:00	QUINTO ROMANO	2.0
2014-02-24 16:00:00	QUINTO ROMANO	2.0
2014-02-24 17:00:00	QUINTO ROMANO	2.0
2014-02-24 18:00:00	QUINTO ROMANO	1.8
2014-02-24 19:00:00	QUINTO ROMANO	1.9
2014-02-24 20:00:00	QUINTO ROMANO	2.0
2014-02-24 21:00:00	QUINTO ROMANO	2.0
2014-02-24 22:00:00	QUINTO ROMANO	1.0666666666666667
2014-02-24 23:00:00	QUINTO ROMANO	1.6
2014-02-25 00:00:00	QUINTO ROMANO	2.0
2014-02-25 01:00:00	QUINTO ROMANO	2.0
2014-02-25 02:00:00	QUINTO ROMANO	1.9333333333333333
2014-02-25 03:00:00	QUINTO ROMANO	2.0
2014-02-25 04:00:00	QUINTO ROMANO	2.0
2014-02-25 05:00:00	QUINTO ROMANO	1.9333333333333333
2014-02-25 06:00:00	QUINTO ROMANO	2.0
2014-02-25 07:00:00	QUINTO ROMANO	2.0
2014-02-25 08:00:00	QUINTO ROMANO	2.0
2014-02-25 09:00:00	QUINTO ROMANO	2.0
2014-02-25 10:00:00	QUINTO ROMANO	2.0
2014-02-25 11:00:00	QUINTO ROMANO	2.0
2014-02-25 12:00:00	QUINTO ROMANO	2.0
2014-02-25 13:00:00	QUINTO ROMANO	2.0
2014-02-25 14:00:00	QUINTO ROMANO	2.0
2014-02-25 15:00:00	QUINTO ROMANO	2.0
2014-02-25 16:00:00	QUINTO ROMANO	2.0
2014-02-25 17:00:00	QUINTO ROMANO	2.0
2014-02-25 18:00:00	QUINTO ROMANO	1.5
2014-02-25 19:00:00	QUINTO ROMANO	0.4666666666666667
2014-02-26 19:00:00	QUINTO ROMANO	0.9333333333333333
2014-02-26 20:00:00	QUINTO ROMANO	1.0
2014-02-26 21:00:00	QUINTO ROMANO	1.0
2014-02-26 22:00:00	QUINTO ROMANO	1.0
2014-02-26 23:00:00	QUINTO ROMANO	1.0
2014-02-27 00:00:00	QUINTO ROMANO	1.0
2014-02-27 01:00:00	QUINTO ROMANO	1.0
2014-02-27 02:00:00	QUINTO ROMANO	1.0
2014-02-27 03:00:00	QUINTO ROMANO	1.6333333333333333
2014-02-27 04:00:00	QUINTO ROMANO	2.0
2014-02-27 05:00:00	QUINTO ROMANO	2.0
2014-02-27 06:00:00	QUINTO ROMANO	2.0
2014-02-27 07:00:00	QUINTO ROMANO	2.0
2014-02-27 08:00:00	QUINTO ROMANO	1.1
2014-02-27 09:00:00	QUINTO ROMANO	1.0
2014-02-27 10:00:00	QUINTO ROMANO	1.0
2014-02-27 11:00:00	QUINTO ROMANO	0.7333333333333333
2014-02-27 12:00:00	QUINTO ROMANO	0.9666666666666667
2014-02-27 13:00:00	QUINTO ROMANO	2.0
2014-02-27 14:00:00	QUINTO ROMANO	1.4666666666666666
2014-02-27 15:00:00	QUINTO ROMANO	1.8333333333333333
2014-02-27 16:00:00	QUINTO ROMANO	1.0
2014-02-27 17:00:00	QUINTO ROMANO	1.5666666666666667
2014-02-27 18:00:00	QUINTO ROMANO	1.9
2014-02-27 19:00:00	QUINTO ROMANO	1.2666666666666666
2014-02-27 20:00:00	QUINTO ROMANO	0.03333333333333333
2014-02-28 00:00:00	QUINTO ROMANO	0.9666666666666667
2014-02-28 01:00:00	QUINTO ROMANO	1.9333333333333333
2014-02-28 02:00:00	QUINTO ROMANO	2.433333333333333
2014-02-28 03:00:00	QUINTO ROMANO	3.0
2014-02-28 04:00:00	QUINTO ROMANO	2.8
2014-02-28 05:00:00	QUINTO ROMANO	2.0
2014-02-28 06:00:00	QUINTO ROMANO	2.0
2014-02-28 07:00:00	QUINTO ROMANO	2.0
2014-02-28 08:00:00	QUINTO ROMANO	2.0
2014-02-28 09:00:00	QUINTO ROMANO	2.0
2014-02-28 10:00:00	QUINTO ROMANO	1.8666666666666667
2014-02-28 11:00:00	QUINTO ROMANO	1.7333333333333334
2014-02-28 12:00:00	QUINTO ROMANO	2.0
2014-02-28 13:00:00	QUINTO ROMANO	2.0
2014-02-28 14:00:00	QUINTO ROMANO	2.0
2014-02-28 15:00:00	QUINTO ROMANO	2.0
2014-02-28 16:00:00	QUINTO ROMANO	2.0
2014-02-28 17:00:00	QUINTO ROMANO	2.0
2014-02-28 18:00:00	QUINTO ROMANO	2.0
2014-02-28 19:00:00	QUINTO ROMANO	2.0
2014-02-28 20:00:00	QUINTO ROMANO	2.0
2014-02-28 21:00:00	QUINTO ROMANO	2.0
2014-02-28 22:00:00	QUINTO ROMANO	2.0
2014-02-28 23:00:00	QUINTO ROMANO	2.0
2014-03-01 00:00:00	QUINTO ROMANO	2.0
2014-03-01 01:00:00	QUINTO ROMANO	2.0
2014-03-01 02:00:00	QUINTO ROMANO	2.1
2014-03-01 03:00:00	QUINTO ROMANO	2.6
2014-03-01 04:00:00	QUINTO ROMANO	3.0
2014-03-01 05:00:00	QUINTO ROMANO	3.0
2014-03-01 06:00:00	QUINTO ROMANO	3.0
2014-03-01 07:00:00	QUINTO ROMANO	3.0
2014-03-01 08:00:00	QUINTO ROMANO	2.533333333333333
2014-03-01 09:00:00	QUINTO ROMANO	2.2333333333333334
2014-03-01 10:00:00	QUINTO ROMANO	3.0
2014-03-01 11:00:00	QUINTO ROMANO	2.3
2014-03-01 12:00:00	QUINTO ROMANO	2.0
2014-03-01 13:00:00	QUINTO ROMANO	2.0
2014-03-01 14:00:00	QUINTO ROMANO	2.0
2014-03-01 15:00:00	QUINTO ROMANO	2.0
2014-03-01 16:00:00	QUINTO ROMANO	2.0
2014-03-01 17:00:00	QUINTO ROMANO	2.1666666666666665
2014-03-01 18:00:00	QUINTO ROMANO	3.0
2014-03-01 19:00:00	QUINTO ROMANO	2.7
2014-03-01 20:00:00	QUINTO ROMANO	3.0
2014-03-01 21:00:00	QUINTO ROMANO	3.0
2014-03-01 22:00:00	QUINTO ROMANO	2.033333333333333
2014-03-01 23:00:00	QUINTO ROMANO	1.6666666666666667
2014-03-02 00:00:00	QUINTO ROMANO	1.0
2014-03-02 01:00:00	QUINTO ROMANO	1.0
2014-03-02 02:00:00	QUINTO ROMANO	0.9666666666666667
2014-03-02 03:00:00	QUINTO ROMANO	1.0
2014-03-02 04:00:00	QUINTO ROMANO	1.2
2014-03-02 05:00:00	QUINTO ROMANO	1.7333333333333334
2014-03-02 06:00:00	QUINTO ROMANO	2.0
2014-03-02 07:00:00	QUINTO ROMANO	2.0
2014-03-02 08:00:00	QUINTO ROMANO	1.5666666666666667
2014-03-02 09:00:00	QUINTO ROMANO	1.0
2014-03-02 17:00:00	QUINTO ROMANO	0.4
2014-03-02 18:00:00	QUINTO ROMANO	1.0
2014-03-02 19:00:00	QUINTO ROMANO	1.6333333333333333
2014-03-02 20:00:00	QUINTO ROMANO	2.0
2014-03-02 21:00:00	QUINTO ROMANO	2.0
2014-03-02 22:00:00	QUINTO ROMANO	1.6333333333333333
2014-03-02 23:00:00	QUINTO ROMANO	1.0
2014-02-24 00:00:00	QUINTOSOLE	1.0
2014-02-24 01:00:00	QUINTOSOLE	1.0
2014-02-24 02:00:00	QUINTOSOLE	1.0
2014-02-24 03:00:00	QUINTOSOLE	1.0
2014-02-24 04:00:00	QUINTOSOLE	1.0
2014-02-24 05:00:00	QUINTOSOLE	1.0
2014-02-24 06:00:00	QUINTOSOLE	1.0
2014-02-24 07:00:00	QUINTOSOLE	1.0
2014-02-24 08:00:00	QUINTOSOLE	1.0
2014-02-24 09:00:00	QUINTOSOLE	1.0
2014-02-24 10:00:00	QUINTOSOLE	1.0
2014-02-24 11:00:00	QUINTOSOLE	1.0
2014-02-24 12:00:00	QUINTOSOLE	1.0
2014-02-24 13:00:00	QUINTOSOLE	1.0
2014-02-24 14:00:00	QUINTOSOLE	1.0
2014-02-24 15:00:00	QUINTOSOLE	1.0
2014-02-24 16:00:00	QUINTOSOLE	1.0
2014-02-24 17:00:00	QUINTOSOLE	1.0
2014-02-24 18:00:00	QUINTOSOLE	0.9
2014-02-24 19:00:00	QUINTOSOLE	1.0
2014-02-24 20:00:00	QUINTOSOLE	1.0
2014-02-24 21:00:00	QUINTOSOLE	1.0
2014-02-24 22:00:00	QUINTOSOLE	0.5333333333333333
2014-02-24 23:00:00	QUINTOSOLE	0.8
2014-02-25 00:00:00	QUINTOSOLE	1.0
2014-02-25 01:00:00	QUINTOSOLE	1.0
2014-02-25 02:00:00	QUINTOSOLE	0.9666666666666667
2014-02-25 03:00:00	QUINTOSOLE	1.0
2014-02-25 04:00:00	QUINTOSOLE	1.0
2014-02-25 05:00:00	QUINTOSOLE	0.9666666666666667
2014-02-25 06:00:00	QUINTOSOLE	1.0
2014-02-25 07:00:00	QUINTOSOLE	1.0
2014-02-25 08:00:00	QUINTOSOLE	1.0
2014-02-25 09:00:00	QUINTOSOLE	1.0
2014-02-25 10:00:00	QUINTOSOLE	1.0
2014-02-25 11:00:00	QUINTOSOLE	1.0
2014-02-25 12:00:00	QUINTOSOLE	1.0
2014-02-25 13:00:00	QUINTOSOLE	1.0
2014-02-25 14:00:00	QUINTOSOLE	1.0
2014-02-25 15:00:00	QUINTOSOLE	1.0
2014-02-25 16:00:00	QUINTOSOLE	1.0
2014-02-25 17:00:00	QUINTOSOLE	1.0
2014-02-25 18:00:00	QUINTOSOLE	1.0
2014-02-25 19:00:00	QUINTOSOLE	1.0
2014-02-25 20:00:00	QUINTOSOLE	1.0
2014-02-25 21:00:00	QUINTOSOLE	1.0
2014-02-25 22:00:00	QUINTOSOLE	1.0
2014-02-25 23:00:00	QUINTOSOLE	1.0
2014-02-26 00:00:00	QUINTOSOLE	1.0
2014-02-26 01:00:00	QUINTOSOLE	1.0
2014-02-26 02:00:00	QUINTOSOLE	1.0
2014-02-26 03:00:00	QUINTOSOLE	1.0
2014-02-26 04:00:00	QUINTOSOLE	1.0
2014-02-26 05:00:00	QUINTOSOLE	1.0
2014-02-26 06:00:00	QUINTOSOLE	1.0
2014-02-26 07:00:00	QUINTOSOLE	1.0
2014-02-26 08:00:00	QUINTOSOLE	1.0
2014-02-26 09:00:00	QUINTOSOLE	1.0
2014-02-26 10:00:00	QUINTOSOLE	1.0
2014-02-26 11:00:00	QUINTOSOLE	1.0
2014-02-26 12:00:00	QUINTOSOLE	1.0
2014-02-26 13:00:00	QUINTOSOLE	1.0
2014-02-26 14:00:00	QUINTOSOLE	1.0
2014-02-26 15:00:00	QUINTOSOLE	1.0
2014-02-26 16:00:00	QUINTOSOLE	1.0
2014-02-26 17:00:00	QUINTOSOLE	1.0
2014-02-26 18:00:00	QUINTOSOLE	0.9666666666666667
2014-02-26 19:00:00	QUINTOSOLE	1.0
2014-02-26 20:00:00	QUINTOSOLE	1.0
2014-02-26 21:00:00	QUINTOSOLE	1.6333333333333333
2014-02-26 22:00:00	QUINTOSOLE	2.0
2014-02-26 23:00:00	QUINTOSOLE	1.1666666666666667
2014-02-27 00:00:00	QUINTOSOLE	1.0
2014-02-27 01:00:00	QUINTOSOLE	1.0
2014-02-27 02:00:00	QUINTOSOLE	1.0
2014-02-27 03:00:00	QUINTOSOLE	1.0
2014-02-27 04:00:00	QUINTOSOLE	1.0
2014-02-27 05:00:00	QUINTOSOLE	1.0
2014-02-27 06:00:00	QUINTOSOLE	1.0
2014-02-27 07:00:00	QUINTOSOLE	1.0
2014-02-27 08:00:00	QUINTOSOLE	1.0
2014-02-27 09:00:00	QUINTOSOLE	1.0
2014-02-27 10:00:00	QUINTOSOLE	1.0
2014-02-27 11:00:00	QUINTOSOLE	1.0
2014-02-27 12:00:00	QUINTOSOLE	1.0
2014-02-27 13:00:00	QUINTOSOLE	1.0
2014-02-27 14:00:00	QUINTOSOLE	1.1333333333333333
2014-02-27 15:00:00	QUINTOSOLE	1.8
2014-02-27 16:00:00	QUINTOSOLE	1.0
2014-02-27 17:00:00	QUINTOSOLE	1.0
2014-02-27 18:00:00	QUINTOSOLE	1.0
2014-02-27 19:00:00	QUINTOSOLE	1.0333333333333334
2014-02-27 20:00:00	QUINTOSOLE	2.0
2014-02-27 21:00:00	QUINTOSOLE	2.0
2014-02-27 22:00:00	QUINTOSOLE	1.8666666666666667
2014-02-27 23:00:00	QUINTOSOLE	2.0
2014-02-28 00:00:00	QUINTOSOLE	2.0
2014-02-28 01:00:00	QUINTOSOLE	1.9333333333333333
2014-02-28 02:00:00	QUINTOSOLE	2.0
2014-02-28 03:00:00	QUINTOSOLE	2.0
2014-02-28 04:00:00	QUINTOSOLE	2.0
2014-02-28 05:00:00	QUINTOSOLE	2.0
2014-02-28 06:00:00	QUINTOSOLE	2.0
2014-02-28 07:00:00	QUINTOSOLE	1.4666666666666666
2014-02-28 08:00:00	QUINTOSOLE	2.0
2014-02-28 09:00:00	QUINTOSOLE	2.0
2014-02-28 10:00:00	QUINTOSOLE	1.8666666666666667
2014-02-28 11:00:00	QUINTOSOLE	1.7333333333333334
2014-02-28 12:00:00	QUINTOSOLE	2.0
2014-02-28 13:00:00	QUINTOSOLE	2.0
2014-02-28 14:00:00	QUINTOSOLE	2.0
2014-02-28 15:00:00	QUINTOSOLE	2.0
2014-02-28 16:00:00	QUINTOSOLE	2.0
2014-02-28 17:00:00	QUINTOSOLE	2.0
2014-02-28 18:00:00	QUINTOSOLE	2.0
2014-02-28 19:00:00	QUINTOSOLE	2.0
2014-02-28 20:00:00	QUINTOSOLE	1.5666666666666667
2014-02-28 21:00:00	QUINTOSOLE	2.0
2014-02-28 22:00:00	QUINTOSOLE	2.0
2014-02-28 23:00:00	QUINTOSOLE	2.0
2014-03-01 00:00:00	QUINTOSOLE	2.0
2014-03-01 01:00:00	QUINTOSOLE	2.0
2014-03-01 02:00:00	QUINTOSOLE	1.5333333333333334
2014-03-01 03:00:00	QUINTOSOLE	1.7333333333333334
2014-03-01 04:00:00	QUINTOSOLE	2.0
2014-03-01 05:00:00	QUINTOSOLE	2.0
2014-03-01 06:00:00	QUINTOSOLE	2.0
2014-03-01 07:00:00	QUINTOSOLE	2.0
2014-03-01 08:00:00	QUINTOSOLE	2.0
2014-03-01 09:00:00	QUINTOSOLE	2.0
2014-03-01 10:00:00	QUINTOSOLE	2.0
2014-03-01 11:00:00	QUINTOSOLE	1.8
2014-03-01 12:00:00	QUINTOSOLE	1.0
2014-03-01 13:00:00	QUINTOSOLE	1.0
2014-03-01 14:00:00	QUINTOSOLE	1.0
2014-03-01 15:00:00	QUINTOSOLE	1.0
2014-03-01 16:00:00	QUINTOSOLE	1.0
2014-03-01 17:00:00	QUINTOSOLE	1.0
2014-03-01 18:00:00	QUINTOSOLE	1.0
2014-03-01 19:00:00	QUINTOSOLE	1.0
2014-03-01 20:00:00	QUINTOSOLE	1.0
2014-03-01 21:00:00	QUINTOSOLE	1.0
2014-03-01 22:00:00	QUINTOSOLE	0.9666666666666667
2014-02-24 00:00:00	RIPAMONTI	4.933333333333334
2014-02-24 01:00:00	RIPAMONTI	6.866666666666666
2014-02-24 02:00:00	RIPAMONTI	6.233333333333333
2014-02-24 03:00:00	RIPAMONTI	4.733333333333333
2014-02-24 04:00:00	RIPAMONTI	3.966666666666667
2014-02-24 05:00:00	RIPAMONTI	3.0
2014-02-24 06:00:00	RIPAMONTI	3.0
2014-02-24 07:00:00	RIPAMONTI	1.9
2014-02-24 08:00:00	RIPAMONTI	1.0333333333333334
2014-02-24 09:00:00	RIPAMONTI	0.3
2014-02-24 14:00:00	RIPAMONTI	0.16666666666666666
2014-02-24 15:00:00	RIPAMONTI	1.0
2014-02-24 16:00:00	RIPAMONTI	1.4
2014-02-24 17:00:00	RIPAMONTI	2.3
2014-02-24 18:00:00	RIPAMONTI	3.1333333333333333
2014-02-24 19:00:00	RIPAMONTI	3.0
2014-02-24 20:00:00	RIPAMONTI	2.933333333333333
2014-02-24 21:00:00	RIPAMONTI	4.9
2014-02-24 22:00:00	RIPAMONTI	3.7333333333333334
2014-02-24 23:00:00	RIPAMONTI	6.633333333333334
2014-02-25 00:00:00	RIPAMONTI	8.166666666666666
2014-02-25 01:00:00	RIPAMONTI	9.0
2014-02-25 02:00:00	RIPAMONTI	8.7
2014-02-25 03:00:00	RIPAMONTI	9.0
2014-02-25 04:00:00	RIPAMONTI	9.0
2014-02-25 05:00:00	RIPAMONTI	8.7
2014-02-25 06:00:00	RIPAMONTI	9.0
2014-02-25 07:00:00	RIPAMONTI	7.733333333333333
2014-02-25 08:00:00	RIPAMONTI	4.9
2014-02-25 09:00:00	RIPAMONTI	5.533333333333333
2014-02-25 10:00:00	RIPAMONTI	3.7
2014-02-25 11:00:00	RIPAMONTI	3.1666666666666665
2014-02-25 12:00:00	RIPAMONTI	3.433333333333333
2014-02-25 13:00:00	RIPAMONTI	5.733333333333333
2014-02-25 14:00:00	RIPAMONTI	5.266666666666667
2014-02-25 15:00:00	RIPAMONTI	5.766666666666667
2014-02-25 16:00:00	RIPAMONTI	6.433333333333334
2014-02-25 17:00:00	RIPAMONTI	6.0
2014-02-25 18:00:00	RIPAMONTI	4.633333333333334
2014-02-25 19:00:00	RIPAMONTI	4.566666666666666
2014-02-25 20:00:00	RIPAMONTI	6.366666666666666
2014-02-25 21:00:00	RIPAMONTI	7.8
2014-02-25 22:00:00	RIPAMONTI	8.9
2014-02-25 23:00:00	RIPAMONTI	9.433333333333334
2014-02-26 00:00:00	RIPAMONTI	9.8
2014-02-26 01:00:00	RIPAMONTI	10.033333333333333
2014-02-26 02:00:00	RIPAMONTI	10.0
2014-02-26 03:00:00	RIPAMONTI	10.0
2014-02-26 04:00:00	RIPAMONTI	9.166666666666666
2014-02-26 05:00:00	RIPAMONTI	8.0
2014-02-26 06:00:00	RIPAMONTI	7.466666666666667
2014-02-26 07:00:00	RIPAMONTI	5.5
2014-02-26 08:00:00	RIPAMONTI	1.4333333333333333
2014-02-26 09:00:00	RIPAMONTI	2.0
2014-02-26 10:00:00	RIPAMONTI	1.2666666666666666
2014-02-26 11:00:00	RIPAMONTI	1.2666666666666666
2014-02-26 12:00:00	RIPAMONTI	1.6
2014-02-26 13:00:00	RIPAMONTI	3.0
2014-02-26 14:00:00	RIPAMONTI	2.2666666666666666
2014-02-26 15:00:00	RIPAMONTI	2.6333333333333333
2014-02-26 16:00:00	RIPAMONTI	1.7333333333333334
2014-02-26 17:00:00	RIPAMONTI	1.0333333333333334
2014-02-26 18:00:00	RIPAMONTI	2.2333333333333334
2014-02-26 19:00:00	RIPAMONTI	2.566666666666667
2014-02-26 20:00:00	RIPAMONTI	1.7333333333333334
2014-02-26 21:00:00	RIPAMONTI	3.6
2014-02-26 22:00:00	RIPAMONTI	3.1666666666666665
2014-02-26 23:00:00	RIPAMONTI	5.3
2014-02-27 00:00:00	RIPAMONTI	5.666666666666667
2014-02-27 01:00:00	RIPAMONTI	8.3
2014-02-27 02:00:00	RIPAMONTI	9.866666666666667
2014-02-27 03:00:00	RIPAMONTI	10.0
2014-02-27 04:00:00	RIPAMONTI	9.466666666666667
2014-02-27 05:00:00	RIPAMONTI	9.0
2014-02-27 06:00:00	RIPAMONTI	9.0
2014-02-27 07:00:00	RIPAMONTI	8.666666666666666
2014-02-27 08:00:00	RIPAMONTI	4.666666666666667
2014-02-27 09:00:00	RIPAMONTI	2.8333333333333335
2014-02-27 10:00:00	RIPAMONTI	2.2333333333333334
2014-02-27 11:00:00	RIPAMONTI	3.2666666666666666
2014-02-27 12:00:00	RIPAMONTI	2.933333333333333
2014-02-27 13:00:00	RIPAMONTI	3.8666666666666667
2014-02-27 14:00:00	RIPAMONTI	5.0
2014-02-27 15:00:00	RIPAMONTI	6.3
2014-02-27 16:00:00	RIPAMONTI	5.433333333333334
2014-02-27 17:00:00	RIPAMONTI	4.633333333333334
2014-02-27 18:00:00	RIPAMONTI	5.166666666666667
2014-02-27 19:00:00	RIPAMONTI	3.3333333333333335
2014-02-27 20:00:00	RIPAMONTI	3.8333333333333335
2014-02-27 21:00:00	RIPAMONTI	5.8
2014-02-27 22:00:00	RIPAMONTI	4.0
2014-02-27 23:00:00	RIPAMONTI	4.733333333333333
2014-02-28 00:00:00	RIPAMONTI	4.533333333333333
2014-02-28 01:00:00	RIPAMONTI	5.233333333333333
2014-02-28 02:00:00	RIPAMONTI	6.933333333333334
2014-02-28 03:00:00	RIPAMONTI	7.9
2014-02-28 04:00:00	RIPAMONTI	7.333333333333333
2014-02-28 05:00:00	RIPAMONTI	5.733333333333333
2014-02-28 06:00:00	RIPAMONTI	4.3
2014-02-28 07:00:00	RIPAMONTI	3.533333333333333
2014-02-28 08:00:00	RIPAMONTI	1.2
2014-02-28 09:00:00	RIPAMONTI	0.8
2014-02-28 10:00:00	RIPAMONTI	0.6333333333333333
2014-02-28 11:00:00	RIPAMONTI	0.8666666666666667
2014-02-28 12:00:00	RIPAMONTI	1.0
2014-02-28 13:00:00	RIPAMONTI	2.2
2014-02-28 14:00:00	RIPAMONTI	1.4333333333333333
2014-02-28 15:00:00	RIPAMONTI	1.0
2014-02-28 16:00:00	RIPAMONTI	0.36666666666666664
2014-02-28 18:00:00	RIPAMONTI	0.23333333333333334
2014-02-28 19:00:00	RIPAMONTI	1.0
2014-02-28 20:00:00	RIPAMONTI	0.5333333333333333
2014-02-28 21:00:00	RIPAMONTI	0.16666666666666666
2014-02-28 22:00:00	RIPAMONTI	0.7
2014-02-28 23:00:00	RIPAMONTI	1.0
2014-03-01 00:00:00	RIPAMONTI	0.43333333333333335
2014-03-01 01:00:00	RIPAMONTI	1.2666666666666666
2014-03-01 02:00:00	RIPAMONTI	1.9666666666666666
2014-03-01 03:00:00	RIPAMONTI	2.933333333333333
2014-03-01 04:00:00	RIPAMONTI	2.2333333333333334
2014-03-01 05:00:00	RIPAMONTI	2.7
2014-03-01 06:00:00	RIPAMONTI	3.8333333333333335
2014-03-01 07:00:00	RIPAMONTI	4.0
2014-03-01 08:00:00	RIPAMONTI	3.8333333333333335
2014-03-01 09:00:00	RIPAMONTI	3.6333333333333333
2014-03-01 10:00:00	RIPAMONTI	1.7
2014-03-01 11:00:00	RIPAMONTI	2.3
2014-03-01 13:00:00	RIPAMONTI	0.7666666666666667
2014-03-01 14:00:00	RIPAMONTI	1.4333333333333333
2014-03-01 15:00:00	RIPAMONTI	1.4666666666666666
2014-03-01 16:00:00	RIPAMONTI	1.4666666666666666
2014-03-01 17:00:00	RIPAMONTI	0.9
2014-03-01 18:00:00	RIPAMONTI	0.8
2014-03-01 19:00:00	RIPAMONTI	0.7333333333333333
2014-03-01 20:00:00	RIPAMONTI	0.26666666666666666
2014-03-01 22:00:00	RIPAMONTI	0.03333333333333333
2014-03-01 23:00:00	RIPAMONTI	1.0666666666666667
2014-03-02 00:00:00	RIPAMONTI	0.9666666666666667
2014-03-02 01:00:00	RIPAMONTI	1.0
2014-03-02 02:00:00	RIPAMONTI	0.9666666666666667
2014-03-02 03:00:00	RIPAMONTI	1.2
2014-03-02 04:00:00	RIPAMONTI	2.0
2014-03-02 05:00:00	RIPAMONTI	1.7333333333333334
2014-03-02 06:00:00	RIPAMONTI	2.0
2014-03-02 07:00:00	RIPAMONTI	2.0
2014-03-02 08:00:00	RIPAMONTI	2.0
2014-03-02 09:00:00	RIPAMONTI	1.8666666666666667
2014-03-02 10:00:00	RIPAMONTI	0.4666666666666667
2014-03-02 13:00:00	RIPAMONTI	2.1666666666666665
2014-03-02 14:00:00	RIPAMONTI	2.4
2014-03-02 15:00:00	RIPAMONTI	0.8
2014-03-02 16:00:00	RIPAMONTI	1.4
2014-03-02 17:00:00	RIPAMONTI	1.1666666666666667
2014-03-02 18:00:00	RIPAMONTI	0.06666666666666667
2014-03-02 19:00:00	RIPAMONTI	0.6
2014-03-02 20:00:00	RIPAMONTI	0.26666666666666666
2014-03-02 21:00:00	RIPAMONTI	1.6
2014-03-02 22:00:00	RIPAMONTI	2.2666666666666666
2014-03-02 23:00:00	RIPAMONTI	1.9666666666666666
2014-02-24 08:00:00	ROGOREDO	0.3333333333333333
2014-02-24 11:00:00	ROGOREDO	0.1
2014-02-24 12:00:00	ROGOREDO	1.0
2014-02-24 13:00:00	ROGOREDO	1.0
2014-02-24 14:00:00	ROGOREDO	1.0
2014-02-24 15:00:00	ROGOREDO	2.2666666666666666
2014-02-24 16:00:00	ROGOREDO	2.8
2014-02-24 17:00:00	ROGOREDO	2.2
2014-02-24 18:00:00	ROGOREDO	3.1333333333333333
2014-02-24 19:00:00	ROGOREDO	5.266666666666667
2014-02-24 20:00:00	ROGOREDO	3.2333333333333334
2014-02-24 21:00:00	ROGOREDO	1.4
2014-02-24 22:00:00	ROGOREDO	1.8333333333333333
2014-02-24 23:00:00	ROGOREDO	3.3
2014-02-25 00:00:00	ROGOREDO	4.5
2014-02-25 01:00:00	ROGOREDO	3.0
2014-02-25 02:00:00	ROGOREDO	2.9
2014-02-25 03:00:00	ROGOREDO	3.0
2014-02-25 04:00:00	ROGOREDO	3.0
2014-02-25 05:00:00	ROGOREDO	2.9
2014-02-25 06:00:00	ROGOREDO	2.6333333333333333
2014-02-25 07:00:00	ROGOREDO	0.9333333333333333
2014-02-25 09:00:00	ROGOREDO	0.03333333333333333
2014-02-25 10:00:00	ROGOREDO	1.0
2014-02-25 11:00:00	ROGOREDO	1.0
2014-02-25 12:00:00	ROGOREDO	0.5666666666666667
2014-02-25 15:00:00	ROGOREDO	0.7333333333333333
2014-02-25 16:00:00	ROGOREDO	1.0
2014-02-25 17:00:00	ROGOREDO	0.5
2014-02-25 18:00:00	ROGOREDO	0.06666666666666667
2014-02-25 19:00:00	ROGOREDO	1.6333333333333333
2014-02-25 20:00:00	ROGOREDO	1.9333333333333333
2014-02-25 21:00:00	ROGOREDO	1.8
2014-02-25 22:00:00	ROGOREDO	1.4333333333333333
2014-02-25 23:00:00	ROGOREDO	2.2666666666666666
2014-02-26 00:00:00	ROGOREDO	3.0
2014-02-26 01:00:00	ROGOREDO	3.0
2014-02-26 02:00:00	ROGOREDO	3.0
2014-02-26 03:00:00	ROGOREDO	3.0
2014-02-26 04:00:00	ROGOREDO	3.0
2014-02-26 05:00:00	ROGOREDO	3.0
2014-02-26 06:00:00	ROGOREDO	2.6333333333333333
2014-02-26 07:00:00	ROGOREDO	3.3
2014-02-26 08:00:00	ROGOREDO	1.1333333333333333
2014-02-26 12:00:00	ROGOREDO	0.3
2014-02-26 13:00:00	ROGOREDO	1.0
2014-02-26 14:00:00	ROGOREDO	1.7666666666666666
2014-02-26 15:00:00	ROGOREDO	3.0
2014-02-26 16:00:00	ROGOREDO	2.7333333333333334
2014-02-26 17:00:00	ROGOREDO	1.3
2014-02-26 18:00:00	ROGOREDO	0.9333333333333333
2014-02-26 19:00:00	ROGOREDO	0.4
2014-02-26 20:00:00	ROGOREDO	0.9333333333333333
2014-02-26 21:00:00	ROGOREDO	1.0
2014-02-26 22:00:00	ROGOREDO	1.0
2014-02-26 23:00:00	ROGOREDO	1.0
2014-02-27 00:00:00	ROGOREDO	3.033333333333333
2014-02-27 01:00:00	ROGOREDO	4.0
2014-02-27 02:00:00	ROGOREDO	4.0
2014-02-27 03:00:00	ROGOREDO	4.0
2014-02-27 04:00:00	ROGOREDO	4.766666666666667
2014-02-27 05:00:00	ROGOREDO	6.0
2014-02-27 06:00:00	ROGOREDO	5.1
2014-02-27 07:00:00	ROGOREDO	5.0
2014-02-27 08:00:00	ROGOREDO	3.5
2014-02-27 09:00:00	ROGOREDO	1.1666666666666667
2014-02-27 10:00:00	ROGOREDO	0.23333333333333334
2014-02-27 15:00:00	ROGOREDO	0.8
2014-02-27 16:00:00	ROGOREDO	2.7
2014-02-27 17:00:00	ROGOREDO	2.1
2014-02-27 18:00:00	ROGOREDO	2.033333333333333
2014-02-27 19:00:00	ROGOREDO	2.2333333333333334
2014-02-27 20:00:00	ROGOREDO	1.7
2014-02-27 21:00:00	ROGOREDO	2.433333333333333
2014-02-27 22:00:00	ROGOREDO	4.0
2014-02-27 23:00:00	ROGOREDO	3.566666666666667
2014-02-28 00:00:00	ROGOREDO	2.566666666666667
2014-02-28 01:00:00	ROGOREDO	1.9333333333333333
2014-02-28 02:00:00	ROGOREDO	2.0
2014-02-28 03:00:00	ROGOREDO	2.0
2014-02-28 04:00:00	ROGOREDO	2.0
2014-02-28 05:00:00	ROGOREDO	2.0
2014-02-28 06:00:00	ROGOREDO	1.3666666666666667
2014-02-28 07:00:00	ROGOREDO	0.36666666666666664
2014-02-28 10:00:00	ROGOREDO	0.5
2014-02-28 11:00:00	ROGOREDO	2.6
2014-02-28 12:00:00	ROGOREDO	3.0
2014-02-28 13:00:00	ROGOREDO	2.0
2014-02-28 14:00:00	ROGOREDO	0.6
2014-02-28 15:00:00	ROGOREDO	1.2666666666666666
2014-02-28 16:00:00	ROGOREDO	2.433333333333333
2014-02-28 17:00:00	ROGOREDO	2.6333333333333333
2014-02-28 18:00:00	ROGOREDO	2.8
2014-02-28 19:00:00	ROGOREDO	2.3
2014-02-28 20:00:00	ROGOREDO	1.7333333333333334
2014-02-28 21:00:00	ROGOREDO	0.9333333333333333
2014-03-01 00:00:00	ROGOREDO	1.0
2014-03-01 01:00:00	ROGOREDO	1.0
2014-03-01 02:00:00	ROGOREDO	0.9666666666666667
2014-03-01 03:00:00	ROGOREDO	1.7333333333333334
2014-03-01 04:00:00	ROGOREDO	2.0
2014-03-01 05:00:00	ROGOREDO	2.0
2014-03-01 06:00:00	ROGOREDO	2.0
2014-03-01 07:00:00	ROGOREDO	2.0
2014-03-01 08:00:00	ROGOREDO	2.0
2014-03-01 09:00:00	ROGOREDO	2.0
2014-03-01 10:00:00	ROGOREDO	0.9
2014-03-01 11:00:00	ROGOREDO	0.9666666666666667
2014-03-01 12:00:00	ROGOREDO	2.2
2014-03-01 13:00:00	ROGOREDO	2.2
2014-03-01 14:00:00	ROGOREDO	1.2333333333333334
2014-03-01 15:00:00	ROGOREDO	2.0
2014-03-01 16:00:00	ROGOREDO	2.9
2014-03-01 17:00:00	ROGOREDO	2.8
2014-03-01 18:00:00	ROGOREDO	2.0
2014-03-01 19:00:00	ROGOREDO	0.6333333333333333
2014-03-01 20:00:00	ROGOREDO	0.13333333333333333
2014-03-01 21:00:00	ROGOREDO	1.0
2014-03-01 22:00:00	ROGOREDO	1.0
2014-03-01 23:00:00	ROGOREDO	1.4333333333333333
2014-03-02 00:00:00	ROGOREDO	1.9
2014-03-02 01:00:00	ROGOREDO	1.0
2014-03-02 02:00:00	ROGOREDO	1.4
2014-03-02 03:00:00	ROGOREDO	2.6666666666666665
2014-03-02 04:00:00	ROGOREDO	3.933333333333333
2014-03-02 05:00:00	ROGOREDO	3.466666666666667
2014-03-02 06:00:00	ROGOREDO	4.0
2014-03-02 07:00:00	ROGOREDO	4.0
2014-03-02 08:00:00	ROGOREDO	4.0
2014-03-02 09:00:00	ROGOREDO	4.333333333333333
2014-03-02 10:00:00	ROGOREDO	4.266666666666667
2014-03-02 11:00:00	ROGOREDO	5.0
2014-03-02 12:00:00	ROGOREDO	3.1
2014-03-02 13:00:00	ROGOREDO	3.566666666666667
2014-03-02 14:00:00	ROGOREDO	4.433333333333334
2014-03-02 15:00:00	ROGOREDO	4.0
2014-03-02 16:00:00	ROGOREDO	4.0
2014-03-02 17:00:00	ROGOREDO	3.933333333333333
2014-03-02 18:00:00	ROGOREDO	3.433333333333333
2014-03-02 19:00:00	ROGOREDO	2.966666666666667
2014-03-02 20:00:00	ROGOREDO	1.9666666666666666
2014-03-02 21:00:00	ROGOREDO	0.6666666666666666
2014-03-02 22:00:00	ROGOREDO	1.1666666666666667
2014-03-02 23:00:00	ROGOREDO	0.06666666666666667
2014-02-24 04:00:00	RONCHETTO DELLE RANE	0.9
2014-02-24 05:00:00	RONCHETTO DELLE RANE	1.0
2014-02-24 06:00:00	RONCHETTO DELLE RANE	1.0
2014-02-24 07:00:00	RONCHETTO DELLE RANE	1.0
2014-02-24 08:00:00	RONCHETTO DELLE RANE	1.0
2014-02-24 09:00:00	RONCHETTO DELLE RANE	1.0
2014-02-24 10:00:00	RONCHETTO DELLE RANE	1.0
2014-02-24 11:00:00	RONCHETTO DELLE RANE	1.0
2014-02-24 12:00:00	RONCHETTO DELLE RANE	1.0
2014-02-24 13:00:00	RONCHETTO DELLE RANE	1.0
2014-02-24 14:00:00	RONCHETTO DELLE RANE	1.0
2014-02-24 15:00:00	RONCHETTO DELLE RANE	1.0
2014-02-24 16:00:00	RONCHETTO DELLE RANE	1.0
2014-02-24 17:00:00	RONCHETTO DELLE RANE	1.0
2014-02-24 18:00:00	RONCHETTO DELLE RANE	0.9
2014-02-24 19:00:00	RONCHETTO DELLE RANE	0.06666666666666667
2014-02-25 20:00:00	RONCHETTO DELLE RANE	0.03333333333333333
2014-02-25 21:00:00	RONCHETTO DELLE RANE	1.0
2014-02-25 22:00:00	RONCHETTO DELLE RANE	1.0
2014-02-25 23:00:00	RONCHETTO DELLE RANE	1.0
2014-02-26 00:00:00	RONCHETTO DELLE RANE	1.0
2014-02-26 01:00:00	RONCHETTO DELLE RANE	1.0
2014-02-26 02:00:00	RONCHETTO DELLE RANE	1.0
2014-02-26 03:00:00	RONCHETTO DELLE RANE	1.0
2014-02-26 04:00:00	RONCHETTO DELLE RANE	1.0
2014-02-26 05:00:00	RONCHETTO DELLE RANE	1.0
2014-02-26 06:00:00	RONCHETTO DELLE RANE	1.0
2014-02-26 07:00:00	RONCHETTO DELLE RANE	1.0
2014-02-26 08:00:00	RONCHETTO DELLE RANE	1.0
2014-02-26 09:00:00	RONCHETTO DELLE RANE	1.0
2014-02-26 10:00:00	RONCHETTO DELLE RANE	1.0
2014-02-26 11:00:00	RONCHETTO DELLE RANE	1.0
2014-02-26 12:00:00	RONCHETTO DELLE RANE	0.3333333333333333
2014-02-26 20:00:00	RONCHETTO DELLE RANE	0.23333333333333334
2014-02-26 21:00:00	RONCHETTO DELLE RANE	1.0
2014-02-26 22:00:00	RONCHETTO DELLE RANE	1.0
2014-02-26 23:00:00	RONCHETTO DELLE RANE	1.0
2014-02-27 00:00:00	RONCHETTO DELLE RANE	1.0
2014-02-27 01:00:00	RONCHETTO DELLE RANE	1.0
2014-02-27 02:00:00	RONCHETTO DELLE RANE	1.0
2014-02-27 03:00:00	RONCHETTO DELLE RANE	1.0
2014-02-27 04:00:00	RONCHETTO DELLE RANE	1.0
2014-02-27 05:00:00	RONCHETTO DELLE RANE	1.0
2014-02-27 06:00:00	RONCHETTO DELLE RANE	1.0
2014-02-27 07:00:00	RONCHETTO DELLE RANE	1.0
2014-02-27 08:00:00	RONCHETTO DELLE RANE	1.0
2014-02-27 09:00:00	RONCHETTO DELLE RANE	1.0
2014-02-27 10:00:00	RONCHETTO DELLE RANE	1.0
2014-02-27 11:00:00	RONCHETTO DELLE RANE	1.0
2014-02-27 12:00:00	RONCHETTO DELLE RANE	1.0
2014-02-27 13:00:00	RONCHETTO DELLE RANE	1.0
2014-02-27 14:00:00	RONCHETTO DELLE RANE	0.7333333333333333
2014-02-27 15:00:00	RONCHETTO DELLE RANE	1.0
2014-02-27 16:00:00	RONCHETTO DELLE RANE	1.0
2014-02-27 17:00:00	RONCHETTO DELLE RANE	1.0
2014-02-27 18:00:00	RONCHETTO DELLE RANE	1.0
2014-02-27 19:00:00	RONCHETTO DELLE RANE	1.0
2014-02-27 20:00:00	RONCHETTO DELLE RANE	1.0
2014-02-27 21:00:00	RONCHETTO DELLE RANE	2.0
2014-02-27 22:00:00	RONCHETTO DELLE RANE	1.8666666666666667
2014-02-27 23:00:00	RONCHETTO DELLE RANE	2.0
2014-02-28 00:00:00	RONCHETTO DELLE RANE	2.0
2014-02-28 01:00:00	RONCHETTO DELLE RANE	1.9333333333333333
2014-02-28 02:00:00	RONCHETTO DELLE RANE	2.0
2014-02-28 03:00:00	RONCHETTO DELLE RANE	2.0
2014-02-28 04:00:00	RONCHETTO DELLE RANE	2.0
2014-02-28 05:00:00	RONCHETTO DELLE RANE	2.0
2014-02-28 06:00:00	RONCHETTO DELLE RANE	2.0
2014-02-28 07:00:00	RONCHETTO DELLE RANE	2.0
2014-02-28 08:00:00	RONCHETTO DELLE RANE	2.0
2014-02-28 09:00:00	RONCHETTO DELLE RANE	2.0
2014-02-28 10:00:00	RONCHETTO DELLE RANE	1.8666666666666667
2014-02-28 11:00:00	RONCHETTO DELLE RANE	1.7333333333333334
2014-02-28 12:00:00	RONCHETTO DELLE RANE	2.0
2014-02-28 13:00:00	RONCHETTO DELLE RANE	2.0
2014-02-28 14:00:00	RONCHETTO DELLE RANE	2.0
2014-02-28 15:00:00	RONCHETTO DELLE RANE	2.0
2014-02-28 16:00:00	RONCHETTO DELLE RANE	2.0
2014-02-28 17:00:00	RONCHETTO DELLE RANE	2.0
2014-02-28 18:00:00	RONCHETTO DELLE RANE	2.0
2014-02-28 19:00:00	RONCHETTO DELLE RANE	2.0
2014-02-28 20:00:00	RONCHETTO DELLE RANE	2.0
2014-02-28 21:00:00	RONCHETTO DELLE RANE	2.2666666666666666
2014-02-28 22:00:00	RONCHETTO DELLE RANE	2.0
2014-02-28 23:00:00	RONCHETTO DELLE RANE	2.033333333333333
2014-03-01 00:00:00	RONCHETTO DELLE RANE	3.0
2014-03-01 01:00:00	RONCHETTO DELLE RANE	2.933333333333333
2014-03-01 02:00:00	RONCHETTO DELLE RANE	1.5333333333333334
2014-03-01 03:00:00	RONCHETTO DELLE RANE	1.7333333333333334
2014-03-01 04:00:00	RONCHETTO DELLE RANE	2.0
2014-03-01 05:00:00	RONCHETTO DELLE RANE	2.0
2014-03-01 06:00:00	RONCHETTO DELLE RANE	2.0
2014-03-01 07:00:00	RONCHETTO DELLE RANE	2.0
2014-03-01 08:00:00	RONCHETTO DELLE RANE	1.9
2014-03-01 09:00:00	RONCHETTO DELLE RANE	1.0
2014-03-01 10:00:00	RONCHETTO DELLE RANE	1.0
2014-03-01 11:00:00	RONCHETTO DELLE RANE	1.0
2014-03-01 12:00:00	RONCHETTO DELLE RANE	1.0
2014-03-01 13:00:00	RONCHETTO DELLE RANE	1.0
2014-03-01 14:00:00	RONCHETTO DELLE RANE	1.0
2014-03-01 15:00:00	RONCHETTO DELLE RANE	1.0
2014-03-01 16:00:00	RONCHETTO DELLE RANE	1.0
2014-03-01 17:00:00	RONCHETTO DELLE RANE	1.0
2014-03-01 18:00:00	RONCHETTO DELLE RANE	1.0
2014-03-01 19:00:00	RONCHETTO DELLE RANE	1.0
2014-03-01 20:00:00	RONCHETTO DELLE RANE	0.9666666666666667
2014-03-02 01:00:00	RONCHETTO DELLE RANE	0.23333333333333334
2014-03-02 02:00:00	RONCHETTO DELLE RANE	0.9666666666666667
2014-03-02 03:00:00	RONCHETTO DELLE RANE	1.0
2014-03-02 04:00:00	RONCHETTO DELLE RANE	1.0
2014-03-02 05:00:00	RONCHETTO DELLE RANE	0.8666666666666667
2014-03-02 06:00:00	RONCHETTO DELLE RANE	1.0
2014-03-02 07:00:00	RONCHETTO DELLE RANE	1.0
2014-03-02 08:00:00	RONCHETTO DELLE RANE	1.0
2014-03-02 09:00:00	RONCHETTO DELLE RANE	1.0
2014-03-02 10:00:00	RONCHETTO DELLE RANE	1.0
2014-03-02 11:00:00	RONCHETTO DELLE RANE	1.0
2014-03-02 12:00:00	RONCHETTO DELLE RANE	1.0
2014-03-02 13:00:00	RONCHETTO DELLE RANE	1.0
2014-03-02 14:00:00	RONCHETTO DELLE RANE	1.0
2014-03-02 15:00:00	RONCHETTO DELLE RANE	1.0
2014-03-02 16:00:00	RONCHETTO DELLE RANE	1.0
2014-03-02 17:00:00	RONCHETTO DELLE RANE	0.03333333333333333
2014-02-24 00:00:00	RONCHETTO SUL NAVIGLIO	4.0
2014-02-24 01:00:00	RONCHETTO SUL NAVIGLIO	5.0
2014-02-24 02:00:00	RONCHETTO SUL NAVIGLIO	6.033333333333333
2014-02-24 03:00:00	RONCHETTO SUL NAVIGLIO	6.933333333333334
2014-02-24 04:00:00	RONCHETTO SUL NAVIGLIO	7.533333333333333
2014-02-24 05:00:00	RONCHETTO SUL NAVIGLIO	8.0
2014-02-24 06:00:00	RONCHETTO SUL NAVIGLIO	7.366666666666666
2014-02-24 07:00:00	RONCHETTO SUL NAVIGLIO	5.066666666666666
2014-02-24 08:00:00	RONCHETTO SUL NAVIGLIO	4.6
2014-02-24 09:00:00	RONCHETTO SUL NAVIGLIO	3.966666666666667
2014-02-24 10:00:00	RONCHETTO SUL NAVIGLIO	2.066666666666667
2014-02-24 11:00:00	RONCHETTO SUL NAVIGLIO	2.0
2014-02-24 12:00:00	RONCHETTO SUL NAVIGLIO	2.1
2014-02-24 13:00:00	RONCHETTO SUL NAVIGLIO	4.0
2014-02-24 14:00:00	RONCHETTO SUL NAVIGLIO	3.8
2014-02-24 15:00:00	RONCHETTO SUL NAVIGLIO	4.033333333333333
2014-02-24 16:00:00	RONCHETTO SUL NAVIGLIO	4.0
2014-02-24 17:00:00	RONCHETTO SUL NAVIGLIO	3.4
2014-02-24 18:00:00	RONCHETTO SUL NAVIGLIO	3.3333333333333335
2014-02-24 19:00:00	RONCHETTO SUL NAVIGLIO	2.7666666666666666
2014-02-24 20:00:00	RONCHETTO SUL NAVIGLIO	2.433333333333333
2014-02-24 21:00:00	RONCHETTO SUL NAVIGLIO	3.6666666666666665
2014-02-24 22:00:00	RONCHETTO SUL NAVIGLIO	1.2666666666666666
2014-02-24 23:00:00	RONCHETTO SUL NAVIGLIO	0.8666666666666667
2014-02-25 00:00:00	RONCHETTO SUL NAVIGLIO	2.0
2014-02-25 01:00:00	RONCHETTO SUL NAVIGLIO	2.0
2014-02-25 02:00:00	RONCHETTO SUL NAVIGLIO	1.9333333333333333
2014-02-25 03:00:00	RONCHETTO SUL NAVIGLIO	2.0
2014-02-25 04:00:00	RONCHETTO SUL NAVIGLIO	2.0
2014-02-25 05:00:00	RONCHETTO SUL NAVIGLIO	1.9333333333333333
2014-02-25 06:00:00	RONCHETTO SUL NAVIGLIO	2.0
2014-02-25 07:00:00	RONCHETTO SUL NAVIGLIO	2.433333333333333
2014-02-25 08:00:00	RONCHETTO SUL NAVIGLIO	1.6666666666666667
2014-02-25 09:00:00	RONCHETTO SUL NAVIGLIO	0.16666666666666666
2014-02-25 11:00:00	RONCHETTO SUL NAVIGLIO	1.0
2014-02-25 12:00:00	RONCHETTO SUL NAVIGLIO	1.0
2014-02-25 13:00:00	RONCHETTO SUL NAVIGLIO	1.0
2014-02-25 14:00:00	RONCHETTO SUL NAVIGLIO	1.9666666666666666
2014-02-25 15:00:00	RONCHETTO SUL NAVIGLIO	2.433333333333333
2014-02-25 16:00:00	RONCHETTO SUL NAVIGLIO	2.0
2014-02-25 17:00:00	RONCHETTO SUL NAVIGLIO	2.0
2014-02-25 18:00:00	RONCHETTO SUL NAVIGLIO	3.1333333333333333
2014-02-25 19:00:00	RONCHETTO SUL NAVIGLIO	3.1666666666666665
2014-02-25 20:00:00	RONCHETTO SUL NAVIGLIO	7.966666666666667
2014-02-25 21:00:00	RONCHETTO SUL NAVIGLIO	8.8
2014-02-25 22:00:00	RONCHETTO SUL NAVIGLIO	9.1
2014-02-25 23:00:00	RONCHETTO SUL NAVIGLIO	8.366666666666667
2014-02-26 00:00:00	RONCHETTO SUL NAVIGLIO	8.8
2014-02-26 01:00:00	RONCHETTO SUL NAVIGLIO	8.7
2014-02-26 02:00:00	RONCHETTO SUL NAVIGLIO	10.5
2014-02-26 03:00:00	RONCHETTO SUL NAVIGLIO	11.0
2014-02-26 04:00:00	RONCHETTO SUL NAVIGLIO	11.0
2014-02-26 05:00:00	RONCHETTO SUL NAVIGLIO	11.0
2014-02-26 06:00:00	RONCHETTO SUL NAVIGLIO	11.0
2014-02-26 07:00:00	RONCHETTO SUL NAVIGLIO	10.4
2014-02-26 08:00:00	RONCHETTO SUL NAVIGLIO	8.4
2014-02-26 09:00:00	RONCHETTO SUL NAVIGLIO	3.533333333333333
2014-02-26 10:00:00	RONCHETTO SUL NAVIGLIO	3.0
2014-02-26 11:00:00	RONCHETTO SUL NAVIGLIO	4.2
2014-02-26 12:00:00	RONCHETTO SUL NAVIGLIO	4.466666666666667
2014-02-26 13:00:00	RONCHETTO SUL NAVIGLIO	5.333333333333333
2014-02-26 14:00:00	RONCHETTO SUL NAVIGLIO	5.2
2014-02-26 15:00:00	RONCHETTO SUL NAVIGLIO	3.2666666666666666
2014-02-26 16:00:00	RONCHETTO SUL NAVIGLIO	2.566666666666667
2014-02-26 17:00:00	RONCHETTO SUL NAVIGLIO	2.2
2014-02-26 18:00:00	RONCHETTO SUL NAVIGLIO	1.1
2014-02-26 19:00:00	RONCHETTO SUL NAVIGLIO	1.6
2014-02-26 20:00:00	RONCHETTO SUL NAVIGLIO	4.0
2014-02-26 21:00:00	RONCHETTO SUL NAVIGLIO	5.1
2014-02-26 22:00:00	RONCHETTO SUL NAVIGLIO	5.766666666666667
2014-02-26 23:00:00	RONCHETTO SUL NAVIGLIO	4.333333333333333
2014-02-27 00:00:00	RONCHETTO SUL NAVIGLIO	5.033333333333333
2014-02-27 01:00:00	RONCHETTO SUL NAVIGLIO	6.2
2014-02-27 02:00:00	RONCHETTO SUL NAVIGLIO	6.133333333333334
2014-02-27 03:00:00	RONCHETTO SUL NAVIGLIO	7.0
2014-02-27 04:00:00	RONCHETTO SUL NAVIGLIO	6.766666666666667
2014-02-27 05:00:00	RONCHETTO SUL NAVIGLIO	5.666666666666667
2014-02-27 06:00:00	RONCHETTO SUL NAVIGLIO	5.0
2014-02-27 07:00:00	RONCHETTO SUL NAVIGLIO	4.3
2014-02-27 08:00:00	RONCHETTO SUL NAVIGLIO	3.033333333333333
2014-02-27 09:00:00	RONCHETTO SUL NAVIGLIO	2.5
2014-02-27 10:00:00	RONCHETTO SUL NAVIGLIO	1.4333333333333333
2014-02-27 11:00:00	RONCHETTO SUL NAVIGLIO	1.2666666666666666
2014-02-27 12:00:00	RONCHETTO SUL NAVIGLIO	1.4666666666666666
2014-02-27 13:00:00	RONCHETTO SUL NAVIGLIO	1.9333333333333333
2014-02-27 14:00:00	RONCHETTO SUL NAVIGLIO	2.2
2014-02-27 15:00:00	RONCHETTO SUL NAVIGLIO	4.533333333333333
2014-02-27 16:00:00	RONCHETTO SUL NAVIGLIO	2.7666666666666666
2014-02-27 17:00:00	RONCHETTO SUL NAVIGLIO	2.066666666666667
2014-02-27 18:00:00	RONCHETTO SUL NAVIGLIO	2.5
2014-02-27 19:00:00	RONCHETTO SUL NAVIGLIO	1.8666666666666667
2014-02-27 20:00:00	RONCHETTO SUL NAVIGLIO	2.2
2014-02-27 21:00:00	RONCHETTO SUL NAVIGLIO	2.933333333333333
2014-02-27 22:00:00	RONCHETTO SUL NAVIGLIO	3.3333333333333335
2014-02-27 23:00:00	RONCHETTO SUL NAVIGLIO	3.466666666666667
2014-02-28 00:00:00	RONCHETTO SUL NAVIGLIO	3.7
2014-02-28 01:00:00	RONCHETTO SUL NAVIGLIO	3.1
2014-02-28 02:00:00	RONCHETTO SUL NAVIGLIO	4.233333333333333
2014-02-28 03:00:00	RONCHETTO SUL NAVIGLIO	5.0
2014-02-28 04:00:00	RONCHETTO SUL NAVIGLIO	4.9
2014-02-28 05:00:00	RONCHETTO SUL NAVIGLIO	4.0
2014-02-28 06:00:00	RONCHETTO SUL NAVIGLIO	3.4
2014-02-28 07:00:00	RONCHETTO SUL NAVIGLIO	3.0
2014-02-28 08:00:00	RONCHETTO SUL NAVIGLIO	2.1
2014-02-28 09:00:00	RONCHETTO SUL NAVIGLIO	2.4
2014-02-28 10:00:00	RONCHETTO SUL NAVIGLIO	1.8666666666666667
2014-02-28 11:00:00	RONCHETTO SUL NAVIGLIO	2.3666666666666667
2014-02-28 12:00:00	RONCHETTO SUL NAVIGLIO	3.533333333333333
2014-02-28 13:00:00	RONCHETTO SUL NAVIGLIO	2.4
2014-02-28 14:00:00	RONCHETTO SUL NAVIGLIO	1.6
2014-02-28 15:00:00	RONCHETTO SUL NAVIGLIO	0.7333333333333333
2014-02-28 16:00:00	RONCHETTO SUL NAVIGLIO	2.466666666666667
2014-02-28 17:00:00	RONCHETTO SUL NAVIGLIO	3.0
2014-02-28 18:00:00	RONCHETTO SUL NAVIGLIO	3.2666666666666666
2014-02-28 19:00:00	RONCHETTO SUL NAVIGLIO	3.566666666666667
2014-02-28 20:00:00	RONCHETTO SUL NAVIGLIO	4.733333333333333
2014-02-28 21:00:00	RONCHETTO SUL NAVIGLIO	4.533333333333333
2014-02-28 22:00:00	RONCHETTO SUL NAVIGLIO	3.8666666666666667
2014-02-28 23:00:00	RONCHETTO SUL NAVIGLIO	5.033333333333333
2014-03-01 00:00:00	RONCHETTO SUL NAVIGLIO	7.6
2014-03-01 01:00:00	RONCHETTO SUL NAVIGLIO	6.666666666666667
2014-03-01 02:00:00	RONCHETTO SUL NAVIGLIO	4.533333333333333
2014-03-01 03:00:00	RONCHETTO SUL NAVIGLIO	6.733333333333333
2014-03-01 04:00:00	RONCHETTO SUL NAVIGLIO	7.0
2014-03-01 05:00:00	RONCHETTO SUL NAVIGLIO	6.966666666666667
2014-03-01 06:00:00	RONCHETTO SUL NAVIGLIO	6.966666666666667
2014-03-01 07:00:00	RONCHETTO SUL NAVIGLIO	5.366666666666666
2014-03-01 08:00:00	RONCHETTO SUL NAVIGLIO	4.0
2014-03-01 09:00:00	RONCHETTO SUL NAVIGLIO	2.8333333333333335
2014-03-01 10:00:00	RONCHETTO SUL NAVIGLIO	2.3
2014-03-01 11:00:00	RONCHETTO SUL NAVIGLIO	2.2
2014-03-01 12:00:00	RONCHETTO SUL NAVIGLIO	1.7333333333333334
2014-03-01 13:00:00	RONCHETTO SUL NAVIGLIO	0.6666666666666666
2014-03-01 14:00:00	RONCHETTO SUL NAVIGLIO	0.8
2014-03-01 15:00:00	RONCHETTO SUL NAVIGLIO	0.6666666666666666
2014-03-01 16:00:00	RONCHETTO SUL NAVIGLIO	1.3333333333333333
2014-03-01 17:00:00	RONCHETTO SUL NAVIGLIO	1.2
2014-03-01 18:00:00	RONCHETTO SUL NAVIGLIO	0.1
2014-03-01 19:00:00	RONCHETTO SUL NAVIGLIO	0.23333333333333334
2014-03-01 20:00:00	RONCHETTO SUL NAVIGLIO	1.0666666666666667
2014-03-01 21:00:00	RONCHETTO SUL NAVIGLIO	4.033333333333333
2014-03-01 22:00:00	RONCHETTO SUL NAVIGLIO	2.033333333333333
2014-03-01 23:00:00	RONCHETTO SUL NAVIGLIO	1.0
2014-03-02 00:00:00	RONCHETTO SUL NAVIGLIO	2.033333333333333
2014-03-02 01:00:00	RONCHETTO SUL NAVIGLIO	4.533333333333333
2014-03-02 02:00:00	RONCHETTO SUL NAVIGLIO	2.7333333333333334
2014-03-02 03:00:00	RONCHETTO SUL NAVIGLIO	2.433333333333333
2014-03-02 04:00:00	RONCHETTO SUL NAVIGLIO	2.533333333333333
2014-03-02 05:00:00	RONCHETTO SUL NAVIGLIO	2.6
2014-03-02 06:00:00	RONCHETTO SUL NAVIGLIO	3.033333333333333
2014-03-02 07:00:00	RONCHETTO SUL NAVIGLIO	3.066666666666667
2014-03-02 08:00:00	RONCHETTO SUL NAVIGLIO	3.0
2014-03-02 09:00:00	RONCHETTO SUL NAVIGLIO	2.4
2014-03-02 10:00:00	RONCHETTO SUL NAVIGLIO	2.0
2014-03-02 11:00:00	RONCHETTO SUL NAVIGLIO	2.0
2014-03-02 12:00:00	RONCHETTO SUL NAVIGLIO	0.6333333333333333
2014-03-02 13:00:00	RONCHETTO SUL NAVIGLIO	0.5
2014-03-02 14:00:00	RONCHETTO SUL NAVIGLIO	0.36666666666666664
2014-03-02 15:00:00	RONCHETTO SUL NAVIGLIO	0.6666666666666666
2014-03-02 16:00:00	RONCHETTO SUL NAVIGLIO	1.1333333333333333
2014-03-02 17:00:00	RONCHETTO SUL NAVIGLIO	1.5
2014-03-02 18:00:00	RONCHETTO SUL NAVIGLIO	1.1666666666666667
2014-03-02 19:00:00	RONCHETTO SUL NAVIGLIO	1.3333333333333333
2014-03-02 20:00:00	RONCHETTO SUL NAVIGLIO	2.466666666666667
2014-03-02 21:00:00	RONCHETTO SUL NAVIGLIO	0.36666666666666664
2014-03-02 22:00:00	RONCHETTO SUL NAVIGLIO	2.3666666666666667
2014-03-02 23:00:00	RONCHETTO SUL NAVIGLIO	4.066666666666666
2014-02-24 00:00:00	S. CRISTOFORO	12.9
2014-02-24 01:00:00	S. CRISTOFORO	13.666666666666666
2014-02-24 02:00:00	S. CRISTOFORO	13.3
2014-02-24 03:00:00	S. CRISTOFORO	13.0
2014-02-24 04:00:00	S. CRISTOFORO	13.0
2014-02-24 05:00:00	S. CRISTOFORO	13.0
2014-02-24 06:00:00	S. CRISTOFORO	13.0
2014-02-24 07:00:00	S. CRISTOFORO	12.033333333333333
2014-02-24 08:00:00	S. CRISTOFORO	8.766666666666667
2014-02-24 09:00:00	S. CRISTOFORO	9.533333333333333
2014-02-24 10:00:00	S. CRISTOFORO	10.633333333333333
2014-02-24 11:00:00	S. CRISTOFORO	10.9
2014-02-24 12:00:00	S. CRISTOFORO	10.0
2014-02-24 13:00:00	S. CRISTOFORO	9.5
2014-02-24 14:00:00	S. CRISTOFORO	10.6
2014-02-24 15:00:00	S. CRISTOFORO	11.466666666666667
2014-02-24 16:00:00	S. CRISTOFORO	11.1
2014-02-24 17:00:00	S. CRISTOFORO	13.1
2014-02-24 18:00:00	S. CRISTOFORO	10.966666666666667
2014-02-24 19:00:00	S. CRISTOFORO	12.8
2014-02-24 20:00:00	S. CRISTOFORO	11.5
2014-02-24 21:00:00	S. CRISTOFORO	10.833333333333334
2014-02-24 22:00:00	S. CRISTOFORO	4.9
2014-02-24 23:00:00	S. CRISTOFORO	7.066666666666666
2014-02-25 00:00:00	S. CRISTOFORO	10.066666666666666
2014-02-25 01:00:00	S. CRISTOFORO	5.833333333333333
2014-02-25 02:00:00	S. CRISTOFORO	4.833333333333333
2014-02-25 03:00:00	S. CRISTOFORO	5.0
2014-02-25 04:00:00	S. CRISTOFORO	5.0
2014-02-25 05:00:00	S. CRISTOFORO	4.833333333333333
2014-02-25 06:00:00	S. CRISTOFORO	5.0
2014-02-25 07:00:00	S. CRISTOFORO	4.7
2014-02-25 08:00:00	S. CRISTOFORO	3.5
2014-02-25 09:00:00	S. CRISTOFORO	3.2333333333333334
2014-02-25 10:00:00	S. CRISTOFORO	2.7333333333333334
2014-02-25 11:00:00	S. CRISTOFORO	3.033333333333333
2014-02-25 12:00:00	S. CRISTOFORO	4.266666666666667
2014-02-25 13:00:00	S. CRISTOFORO	4.933333333333334
2014-02-25 14:00:00	S. CRISTOFORO	4.366666666666666
2014-02-25 15:00:00	S. CRISTOFORO	4.3
2014-02-25 16:00:00	S. CRISTOFORO	1.2333333333333334
2014-02-25 17:00:00	S. CRISTOFORO	2.5
2014-02-25 18:00:00	S. CRISTOFORO	2.3333333333333335
2014-02-25 19:00:00	S. CRISTOFORO	1.5333333333333334
2014-02-25 20:00:00	S. CRISTOFORO	0.7333333333333333
2014-02-25 21:00:00	S. CRISTOFORO	3.5
2014-02-25 22:00:00	S. CRISTOFORO	5.866666666666666
2014-02-25 23:00:00	S. CRISTOFORO	4.766666666666667
2014-02-26 00:00:00	S. CRISTOFORO	6.233333333333333
2014-02-26 01:00:00	S. CRISTOFORO	6.966666666666667
2014-02-26 02:00:00	S. CRISTOFORO	6.866666666666666
2014-02-26 03:00:00	S. CRISTOFORO	6.0
2014-02-26 04:00:00	S. CRISTOFORO	6.0
2014-02-26 05:00:00	S. CRISTOFORO	6.0
2014-02-26 06:00:00	S. CRISTOFORO	6.0
2014-02-26 07:00:00	S. CRISTOFORO	4.866666666666666
2014-02-26 08:00:00	S. CRISTOFORO	3.1333333333333333
2014-02-26 09:00:00	S. CRISTOFORO	2.6
2014-02-26 10:00:00	S. CRISTOFORO	2.066666666666667
2014-02-26 11:00:00	S. CRISTOFORO	3.2666666666666666
2014-02-26 12:00:00	S. CRISTOFORO	2.933333333333333
2014-02-26 13:00:00	S. CRISTOFORO	2.5
2014-02-26 14:00:00	S. CRISTOFORO	4.133333333333334
2014-02-26 15:00:00	S. CRISTOFORO	7.0
2014-02-26 16:00:00	S. CRISTOFORO	4.533333333333333
2014-02-26 17:00:00	S. CRISTOFORO	5.833333333333333
2014-02-26 18:00:00	S. CRISTOFORO	5.966666666666667
2014-02-26 19:00:00	S. CRISTOFORO	6.066666666666666
2014-02-26 20:00:00	S. CRISTOFORO	2.2666666666666666
2014-02-26 21:00:00	S. CRISTOFORO	3.7666666666666666
2014-02-26 22:00:00	S. CRISTOFORO	3.5
2014-02-26 23:00:00	S. CRISTOFORO	4.133333333333334
2014-02-27 00:00:00	S. CRISTOFORO	4.766666666666667
2014-02-27 01:00:00	S. CRISTOFORO	4.733333333333333
2014-02-27 02:00:00	S. CRISTOFORO	4.0
2014-02-27 03:00:00	S. CRISTOFORO	2.8666666666666667
2014-02-27 04:00:00	S. CRISTOFORO	2.7
2014-02-27 05:00:00	S. CRISTOFORO	3.0
2014-02-27 06:00:00	S. CRISTOFORO	3.0
2014-02-27 07:00:00	S. CRISTOFORO	2.7333333333333334
2014-02-27 08:00:00	S. CRISTOFORO	2.8333333333333335
2014-02-27 09:00:00	S. CRISTOFORO	1.6333333333333333
2014-02-27 10:00:00	S. CRISTOFORO	2.3333333333333335
2014-02-27 11:00:00	S. CRISTOFORO	1.1
2014-02-27 12:00:00	S. CRISTOFORO	0.8
2014-02-27 13:00:00	S. CRISTOFORO	2.8666666666666667
2014-02-27 14:00:00	S. CRISTOFORO	2.1333333333333333
2014-02-27 15:00:00	S. CRISTOFORO	4.433333333333334
2014-02-27 16:00:00	S. CRISTOFORO	5.633333333333334
2014-02-27 17:00:00	S. CRISTOFORO	4.0
2014-02-27 18:00:00	S. CRISTOFORO	3.4
2014-02-27 19:00:00	S. CRISTOFORO	3.8666666666666667
2014-02-27 20:00:00	S. CRISTOFORO	4.4
2014-02-27 21:00:00	S. CRISTOFORO	8.0
2014-02-27 22:00:00	S. CRISTOFORO	8.333333333333334
2014-02-27 23:00:00	S. CRISTOFORO	5.966666666666667
2014-02-28 00:00:00	S. CRISTOFORO	5.966666666666667
2014-02-28 01:00:00	S. CRISTOFORO	5.666666666666667
2014-02-28 02:00:00	S. CRISTOFORO	6.266666666666667
2014-02-28 03:00:00	S. CRISTOFORO	6.6
2014-02-28 04:00:00	S. CRISTOFORO	7.0
2014-02-28 05:00:00	S. CRISTOFORO	9.8
2014-02-28 06:00:00	S. CRISTOFORO	12.6
2014-02-28 07:00:00	S. CRISTOFORO	12.066666666666666
2014-02-28 08:00:00	S. CRISTOFORO	9.9
2014-02-28 09:00:00	S. CRISTOFORO	7.433333333333334
2014-02-28 10:00:00	S. CRISTOFORO	3.933333333333333
2014-02-28 11:00:00	S. CRISTOFORO	3.533333333333333
2014-02-28 12:00:00	S. CRISTOFORO	5.633333333333334
2014-02-28 13:00:00	S. CRISTOFORO	4.366666666666666
2014-02-28 14:00:00	S. CRISTOFORO	3.933333333333333
2014-02-28 15:00:00	S. CRISTOFORO	1.5333333333333334
2014-02-28 16:00:00	S. CRISTOFORO	1.6
2014-02-28 17:00:00	S. CRISTOFORO	1.7333333333333334
2014-02-28 18:00:00	S. CRISTOFORO	1.8666666666666667
2014-02-28 19:00:00	S. CRISTOFORO	1.4333333333333333
2014-02-28 20:00:00	S. CRISTOFORO	1.0333333333333334
2014-02-28 21:00:00	S. CRISTOFORO	1.0333333333333334
2014-02-28 22:00:00	S. CRISTOFORO	2.7333333333333334
2014-02-28 23:00:00	S. CRISTOFORO	2.6
2014-03-01 00:00:00	S. CRISTOFORO	2.533333333333333
2014-03-01 01:00:00	S. CRISTOFORO	2.3333333333333335
2014-03-01 02:00:00	S. CRISTOFORO	1.7666666666666666
2014-03-01 03:00:00	S. CRISTOFORO	1.7666666666666666
2014-03-01 04:00:00	S. CRISTOFORO	3.2333333333333334
2014-03-01 05:00:00	S. CRISTOFORO	3.0
2014-03-01 06:00:00	S. CRISTOFORO	3.0
2014-03-01 07:00:00	S. CRISTOFORO	2.7
2014-03-01 08:00:00	S. CRISTOFORO	1.7666666666666666
2014-03-01 09:00:00	S. CRISTOFORO	1.9666666666666666
2014-03-01 10:00:00	S. CRISTOFORO	2.7
2014-03-01 11:00:00	S. CRISTOFORO	3.4
2014-03-01 12:00:00	S. CRISTOFORO	4.266666666666667
2014-03-01 13:00:00	S. CRISTOFORO	3.5
2014-03-01 14:00:00	S. CRISTOFORO	3.066666666666667
2014-03-01 15:00:00	S. CRISTOFORO	2.6
2014-03-01 16:00:00	S. CRISTOFORO	1.7
2014-03-01 17:00:00	S. CRISTOFORO	1.3333333333333333
2014-03-01 18:00:00	S. CRISTOFORO	0.5333333333333333
2014-03-01 19:00:00	S. CRISTOFORO	3.3333333333333335
2014-03-01 20:00:00	S. CRISTOFORO	3.6666666666666665
2014-03-01 21:00:00	S. CRISTOFORO	4.4
2014-03-01 22:00:00	S. CRISTOFORO	7.733333333333333
2014-03-01 23:00:00	S. CRISTOFORO	6.466666666666667
2014-03-02 00:00:00	S. CRISTOFORO	4.166666666666667
2014-03-02 01:00:00	S. CRISTOFORO	3.7333333333333334
2014-03-02 02:00:00	S. CRISTOFORO	2.4
2014-03-02 03:00:00	S. CRISTOFORO	2.0
2014-03-02 04:00:00	S. CRISTOFORO	3.0
2014-03-02 05:00:00	S. CRISTOFORO	2.5
2014-03-02 06:00:00	S. CRISTOFORO	3.0
2014-03-02 07:00:00	S. CRISTOFORO	3.0
2014-03-02 08:00:00	S. CRISTOFORO	3.0
2014-03-02 09:00:00	S. CRISTOFORO	3.2333333333333334
2014-03-02 10:00:00	S. CRISTOFORO	3.033333333333333
2014-03-02 11:00:00	S. CRISTOFORO	2.3333333333333335
2014-03-02 12:00:00	S. CRISTOFORO	0.7666666666666667
2014-03-02 13:00:00	S. CRISTOFORO	0.5333333333333333
2014-03-02 14:00:00	S. CRISTOFORO	0.43333333333333335
2014-03-02 16:00:00	S. CRISTOFORO	1.1333333333333333
2014-03-02 17:00:00	S. CRISTOFORO	1.2
2014-03-02 18:00:00	S. CRISTOFORO	0.8666666666666667
2014-03-02 19:00:00	S. CRISTOFORO	2.966666666666667
2014-03-02 20:00:00	S. CRISTOFORO	4.133333333333334
2014-03-02 21:00:00	S. CRISTOFORO	3.3666666666666667
2014-03-02 22:00:00	S. CRISTOFORO	1.9333333333333333
2014-03-02 23:00:00	S. CRISTOFORO	4.033333333333333
2014-02-24 00:00:00	S. SIRO	7.066666666666666
2014-02-24 01:00:00	S. SIRO	7.733333333333333
2014-02-24 02:00:00	S. SIRO	8.0
2014-02-24 03:00:00	S. SIRO	8.0
2014-02-24 04:00:00	S. SIRO	8.0
2014-02-24 05:00:00	S. SIRO	7.566666666666666
2014-02-24 06:00:00	S. SIRO	8.0
2014-02-24 07:00:00	S. SIRO	7.433333333333334
2014-02-24 08:00:00	S. SIRO	6.0
2014-02-24 09:00:00	S. SIRO	3.1666666666666665
2014-02-24 10:00:00	S. SIRO	3.0
2014-02-24 11:00:00	S. SIRO	3.0
2014-02-24 12:00:00	S. SIRO	3.0
2014-02-24 13:00:00	S. SIRO	3.966666666666667
2014-02-24 14:00:00	S. SIRO	4.866666666666666
2014-02-24 15:00:00	S. SIRO	5.0
2014-02-24 16:00:00	S. SIRO	4.866666666666666
2014-02-24 17:00:00	S. SIRO	4.533333333333333
2014-02-24 18:00:00	S. SIRO	4.633333333333334
2014-02-24 19:00:00	S. SIRO	4.633333333333334
2014-02-24 20:00:00	S. SIRO	5.166666666666667
2014-02-24 21:00:00	S. SIRO	6.333333333333333
2014-02-24 22:00:00	S. SIRO	3.2333333333333334
2014-02-24 23:00:00	S. SIRO	5.333333333333333
2014-02-25 00:00:00	S. SIRO	6.0
2014-02-25 01:00:00	S. SIRO	6.533333333333333
2014-02-25 02:00:00	S. SIRO	4.533333333333333
2014-02-25 03:00:00	S. SIRO	4.0
2014-02-25 04:00:00	S. SIRO	3.1
2014-02-25 05:00:00	S. SIRO	2.9
2014-02-25 06:00:00	S. SIRO	2.6333333333333333
2014-02-25 07:00:00	S. SIRO	1.5333333333333334
2014-02-25 08:00:00	S. SIRO	0.9333333333333333
2014-02-25 09:00:00	S. SIRO	0.9333333333333333
2014-02-25 10:00:00	S. SIRO	1.5
2014-02-25 11:00:00	S. SIRO	2.0
2014-02-25 12:00:00	S. SIRO	2.1333333333333333
2014-02-25 13:00:00	S. SIRO	1.8
2014-02-25 14:00:00	S. SIRO	2.8666666666666667
2014-02-25 15:00:00	S. SIRO	2.966666666666667
2014-02-25 16:00:00	S. SIRO	3.7666666666666666
2014-02-25 17:00:00	S. SIRO	7.066666666666666
2014-02-25 18:00:00	S. SIRO	6.566666666666666
2014-02-25 19:00:00	S. SIRO	6.7
2014-02-25 20:00:00	S. SIRO	6.133333333333334
2014-02-25 21:00:00	S. SIRO	6.533333333333333
2014-02-25 22:00:00	S. SIRO	9.366666666666667
2014-02-25 23:00:00	S. SIRO	9.766666666666667
2014-02-26 00:00:00	S. SIRO	9.733333333333333
2014-02-26 01:00:00	S. SIRO	10.0
2014-02-26 02:00:00	S. SIRO	10.0
2014-02-26 03:00:00	S. SIRO	10.0
2014-02-26 04:00:00	S. SIRO	9.7
2014-02-26 05:00:00	S. SIRO	10.0
2014-02-26 06:00:00	S. SIRO	10.0
2014-02-26 07:00:00	S. SIRO	9.1
2014-02-26 08:00:00	S. SIRO	5.5
2014-02-26 09:00:00	S. SIRO	4.0
2014-02-26 10:00:00	S. SIRO	4.233333333333333
2014-02-26 11:00:00	S. SIRO	5.966666666666667
2014-02-26 12:00:00	S. SIRO	6.833333333333333
2014-02-26 13:00:00	S. SIRO	6.733333333333333
2014-02-26 14:00:00	S. SIRO	5.666666666666667
2014-02-26 15:00:00	S. SIRO	5.266666666666667
2014-02-26 16:00:00	S. SIRO	4.233333333333333
2014-02-26 17:00:00	S. SIRO	3.4
2014-02-26 18:00:00	S. SIRO	2.966666666666667
2014-02-26 19:00:00	S. SIRO	4.666666666666667
2014-02-26 20:00:00	S. SIRO	5.9
2014-02-26 21:00:00	S. SIRO	5.433333333333334
2014-02-26 22:00:00	S. SIRO	6.6
2014-02-26 23:00:00	S. SIRO	8.1
2014-02-27 00:00:00	S. SIRO	9.166666666666666
2014-02-27 01:00:00	S. SIRO	10.866666666666667
2014-02-27 02:00:00	S. SIRO	12.0
2014-02-27 03:00:00	S. SIRO	12.0
2014-02-27 04:00:00	S. SIRO	12.0
2014-02-27 05:00:00	S. SIRO	12.0
2014-02-27 06:00:00	S. SIRO	11.933333333333334
2014-02-27 07:00:00	S. SIRO	11.566666666666666
2014-02-27 08:00:00	S. SIRO	7.233333333333333
2014-02-27 09:00:00	S. SIRO	5.0
2014-02-27 10:00:00	S. SIRO	5.0
2014-02-27 11:00:00	S. SIRO	5.0
2014-02-27 12:00:00	S. SIRO	5.0
2014-02-27 13:00:00	S. SIRO	5.833333333333333
2014-02-27 14:00:00	S. SIRO	4.4
2014-02-27 15:00:00	S. SIRO	6.0
2014-02-27 16:00:00	S. SIRO	5.366666666666666
2014-02-27 17:00:00	S. SIRO	6.166666666666667
2014-02-27 18:00:00	S. SIRO	6.2
2014-02-27 19:00:00	S. SIRO	7.566666666666666
2014-02-27 20:00:00	S. SIRO	8.4
2014-02-27 21:00:00	S. SIRO	8.166666666666666
2014-02-27 22:00:00	S. SIRO	6.833333333333333
2014-02-27 23:00:00	S. SIRO	7.7
2014-02-28 00:00:00	S. SIRO	9.0
2014-02-28 01:00:00	S. SIRO	7.633333333333334
2014-02-28 02:00:00	S. SIRO	7.0
2014-02-28 03:00:00	S. SIRO	7.0
2014-02-28 04:00:00	S. SIRO	7.0
2014-02-28 05:00:00	S. SIRO	7.833333333333333
2014-02-28 06:00:00	S. SIRO	7.966666666666667
2014-02-28 07:00:00	S. SIRO	7.7
2014-02-28 08:00:00	S. SIRO	6.533333333333333
2014-02-28 09:00:00	S. SIRO	6.033333333333333
2014-02-28 10:00:00	S. SIRO	4.133333333333334
2014-02-28 11:00:00	S. SIRO	3.466666666666667
2014-02-28 12:00:00	S. SIRO	5.166666666666667
2014-02-28 13:00:00	S. SIRO	5.933333333333334
2014-02-28 14:00:00	S. SIRO	6.833333333333333
2014-02-28 15:00:00	S. SIRO	4.966666666666667
2014-02-28 16:00:00	S. SIRO	5.933333333333334
2014-02-28 17:00:00	S. SIRO	7.766666666666667
2014-02-28 18:00:00	S. SIRO	7.533333333333333
2014-02-28 19:00:00	S. SIRO	7.2
2014-02-28 20:00:00	S. SIRO	9.0
2014-02-28 21:00:00	S. SIRO	8.833333333333334
2014-02-28 22:00:00	S. SIRO	6.733333333333333
2014-02-28 23:00:00	S. SIRO	6.933333333333334
2014-03-01 00:00:00	S. SIRO	7.0
2014-03-01 01:00:00	S. SIRO	7.366666666666666
2014-03-01 02:00:00	S. SIRO	5.833333333333333
2014-03-01 03:00:00	S. SIRO	7.733333333333333
2014-03-01 04:00:00	S. SIRO	9.066666666666666
2014-03-01 05:00:00	S. SIRO	9.0
2014-03-01 06:00:00	S. SIRO	8.066666666666666
2014-03-01 07:00:00	S. SIRO	8.0
2014-03-01 08:00:00	S. SIRO	8.0
2014-03-01 09:00:00	S. SIRO	7.366666666666666
2014-03-01 10:00:00	S. SIRO	5.733333333333333
2014-03-01 11:00:00	S. SIRO	5.0
2014-03-01 12:00:00	S. SIRO	3.7
2014-03-01 13:00:00	S. SIRO	3.6
2014-03-01 14:00:00	S. SIRO	3.3666666666666667
2014-03-01 15:00:00	S. SIRO	5.066666666666666
2014-03-01 16:00:00	S. SIRO	6.9
2014-03-01 17:00:00	S. SIRO	7.333333333333333
2014-03-01 18:00:00	S. SIRO	5.7
2014-03-01 19:00:00	S. SIRO	4.9
2014-03-01 20:00:00	S. SIRO	3.7
2014-03-01 21:00:00	S. SIRO	2.5
2014-03-01 22:00:00	S. SIRO	1.7666666666666666
2014-03-01 23:00:00	S. SIRO	0.8666666666666667
2014-03-02 00:00:00	S. SIRO	1.9
2014-03-02 01:00:00	S. SIRO	2.6333333333333333
2014-03-02 02:00:00	S. SIRO	3.7333333333333334
2014-03-02 03:00:00	S. SIRO	4.0
2014-03-02 04:00:00	S. SIRO	4.4
2014-03-02 05:00:00	S. SIRO	3.466666666666667
2014-03-02 06:00:00	S. SIRO	4.0
2014-03-02 07:00:00	S. SIRO	4.0
2014-03-02 08:00:00	S. SIRO	4.466666666666667
2014-03-02 09:00:00	S. SIRO	5.2
2014-03-02 10:00:00	S. SIRO	5.966666666666667
2014-03-02 11:00:00	S. SIRO	5.333333333333333
2014-03-02 12:00:00	S. SIRO	5.0
2014-03-02 13:00:00	S. SIRO	7.0
2014-03-02 14:00:00	S. SIRO	7.633333333333334
2014-03-02 15:00:00	S. SIRO	7.733333333333333
2014-03-02 16:00:00	S. SIRO	6.2
2014-03-02 17:00:00	S. SIRO	6.766666666666667
2014-03-02 18:00:00	S. SIRO	8.833333333333334
2014-03-02 19:00:00	S. SIRO	18.533333333333335
2014-03-02 20:00:00	S. SIRO	25.266666666666666
2014-03-02 21:00:00	S. SIRO	26.4
2014-03-02 22:00:00	S. SIRO	16.6
2014-03-02 23:00:00	S. SIRO	3.6
2014-02-24 00:00:00	SARPI	4.533333333333333
2014-02-24 01:00:00	SARPI	4.1
2014-02-24 02:00:00	SARPI	3.0
2014-02-24 03:00:00	SARPI	3.0
2014-02-24 04:00:00	SARPI	2.966666666666667
2014-02-24 05:00:00	SARPI	3.0
2014-02-24 06:00:00	SARPI	2.1666666666666665
2014-02-24 07:00:00	SARPI	1.1
2014-02-24 08:00:00	SARPI	0.9
2014-02-24 09:00:00	SARPI	3.3666666666666667
2014-02-24 10:00:00	SARPI	5.733333333333333
2014-02-24 11:00:00	SARPI	3.433333333333333
2014-02-24 12:00:00	SARPI	2.6666666666666665
2014-02-24 13:00:00	SARPI	3.2
2014-02-24 14:00:00	SARPI	2.6333333333333333
2014-02-24 15:00:00	SARPI	1.7666666666666666
2014-02-24 16:00:00	SARPI	2.0
2014-02-24 17:00:00	SARPI	2.533333333333333
2014-02-24 18:00:00	SARPI	3.466666666666667
2014-02-24 19:00:00	SARPI	1.3666666666666667
2014-02-24 20:00:00	SARPI	3.1666666666666665
2014-02-24 21:00:00	SARPI	4.066666666666666
2014-02-24 22:00:00	SARPI	2.033333333333333
2014-02-24 23:00:00	SARPI	0.9333333333333333
2014-02-25 00:00:00	SARPI	1.7333333333333334
2014-02-25 01:00:00	SARPI	4.166666666666667
2014-02-25 02:00:00	SARPI	2.066666666666667
2014-02-25 03:00:00	SARPI	0.9333333333333333
2014-02-25 05:00:00	SARPI	0.36666666666666664
2014-02-25 06:00:00	SARPI	1.8
2014-02-25 07:00:00	SARPI	2.2
2014-02-25 08:00:00	SARPI	0.9666666666666667
2014-02-25 09:00:00	SARPI	1.9333333333333333
2014-02-25 10:00:00	SARPI	1.2666666666666666
2014-02-25 11:00:00	SARPI	1.3
2014-02-25 12:00:00	SARPI	2.1333333333333333
2014-02-25 13:00:00	SARPI	3.8
2014-02-25 14:00:00	SARPI	5.0
2014-02-25 15:00:00	SARPI	3.8333333333333335
2014-02-25 16:00:00	SARPI	5.6
2014-02-25 17:00:00	SARPI	4.133333333333334
2014-02-25 18:00:00	SARPI	5.333333333333333
2014-02-25 19:00:00	SARPI	1.9
2014-02-25 20:00:00	SARPI	2.7
2014-02-25 21:00:00	SARPI	5.966666666666667
2014-02-25 22:00:00	SARPI	7.633333333333334
2014-02-25 23:00:00	SARPI	8.6
2014-02-26 00:00:00	SARPI	7.966666666666667
2014-02-26 01:00:00	SARPI	6.0
2014-02-26 02:00:00	SARPI	3.7333333333333334
2014-02-26 03:00:00	SARPI	1.0333333333333334
2014-02-26 05:00:00	SARPI	0.1
2014-02-26 06:00:00	SARPI	0.5333333333333333
2014-02-26 08:00:00	SARPI	0.03333333333333333
2014-02-26 09:00:00	SARPI	0.7666666666666667
2014-02-26 10:00:00	SARPI	1.7
2014-02-26 11:00:00	SARPI	3.8
2014-02-26 12:00:00	SARPI	2.533333333333333
2014-02-26 13:00:00	SARPI	1.6666666666666667
2014-02-26 14:00:00	SARPI	2.066666666666667
2014-02-26 15:00:00	SARPI	1.0333333333333334
2014-02-26 16:00:00	SARPI	1.2666666666666666
2014-02-26 17:00:00	SARPI	2.0
2014-02-26 18:00:00	SARPI	0.7
2014-02-26 19:00:00	SARPI	1.4666666666666666
2014-02-26 20:00:00	SARPI	0.36666666666666664
2014-02-26 21:00:00	SARPI	1.1
2014-02-26 22:00:00	SARPI	4.4
2014-02-26 23:00:00	SARPI	4.233333333333333
2014-02-27 00:00:00	SARPI	3.533333333333333
2014-02-27 01:00:00	SARPI	2.1
2014-02-27 02:00:00	SARPI	2.2
2014-02-27 03:00:00	SARPI	0.5666666666666667
2014-02-27 05:00:00	SARPI	0.03333333333333333
2014-02-27 06:00:00	SARPI	0.1
2014-02-27 07:00:00	SARPI	1.0666666666666667
2014-02-27 08:00:00	SARPI	0.1
2014-02-27 09:00:00	SARPI	0.4
2014-02-27 10:00:00	SARPI	0.9666666666666667
2014-02-27 11:00:00	SARPI	0.8333333333333334
2014-02-27 12:00:00	SARPI	0.7
2014-02-27 13:00:00	SARPI	1.0666666666666667
2014-02-27 14:00:00	SARPI	1.9
2014-02-27 15:00:00	SARPI	3.7333333333333334
2014-02-27 16:00:00	SARPI	2.7
2014-02-27 17:00:00	SARPI	1.6
2014-02-27 18:00:00	SARPI	2.3
2014-02-27 19:00:00	SARPI	1.4
2014-02-27 20:00:00	SARPI	3.3
2014-02-27 21:00:00	SARPI	5.333333333333333
2014-02-27 22:00:00	SARPI	4.3
2014-02-27 23:00:00	SARPI	1.3
2014-02-28 00:00:00	SARPI	0.7666666666666667
2014-02-28 01:00:00	SARPI	1.5333333333333334
2014-02-28 02:00:00	SARPI	0.2
2014-02-28 03:00:00	SARPI	0.4666666666666667
2014-02-28 07:00:00	SARPI	0.5666666666666667
2014-02-28 08:00:00	SARPI	1.2666666666666666
2014-02-28 09:00:00	SARPI	0.5333333333333333
2014-02-28 10:00:00	SARPI	0.23333333333333334
2014-02-28 11:00:00	SARPI	1.3333333333333333
2014-02-28 12:00:00	SARPI	4.833333333333333
2014-02-28 13:00:00	SARPI	5.266666666666667
2014-02-28 14:00:00	SARPI	4.4
2014-02-28 15:00:00	SARPI	1.7666666666666666
2014-02-28 16:00:00	SARPI	1.0333333333333334
2014-02-28 17:00:00	SARPI	2.4
2014-02-28 18:00:00	SARPI	3.066666666666667
2014-02-28 19:00:00	SARPI	2.1
2014-02-28 20:00:00	SARPI	0.5666666666666667
2014-02-28 21:00:00	SARPI	2.066666666666667
2014-02-28 22:00:00	SARPI	1.7666666666666666
2014-02-28 23:00:00	SARPI	1.5333333333333334
2014-03-01 00:00:00	SARPI	1.8333333333333333
2014-03-01 01:00:00	SARPI	0.43333333333333335
2014-03-01 02:00:00	SARPI	1.1666666666666667
2014-03-01 03:00:00	SARPI	1.0333333333333334
2014-03-01 04:00:00	SARPI	1.6333333333333333
2014-03-01 05:00:00	SARPI	0.9333333333333333
2014-03-01 06:00:00	SARPI	2.3666666666666667
2014-03-01 07:00:00	SARPI	2.5
2014-03-01 08:00:00	SARPI	2.433333333333333
2014-03-01 09:00:00	SARPI	3.033333333333333
2014-03-01 10:00:00	SARPI	1.2666666666666666
2014-03-01 11:00:00	SARPI	0.26666666666666666
2014-03-01 12:00:00	SARPI	1.6333333333333333
2014-03-01 13:00:00	SARPI	6.433333333333334
2014-03-01 14:00:00	SARPI	6.833333333333333
2014-03-01 15:00:00	SARPI	1.8333333333333333
2014-03-01 16:00:00	SARPI	6.3
2014-03-01 17:00:00	SARPI	5.8
2014-03-01 18:00:00	SARPI	4.633333333333334
2014-03-01 19:00:00	SARPI	2.5
2014-03-01 20:00:00	SARPI	3.4
2014-03-01 21:00:00	SARPI	3.4
2014-03-01 22:00:00	SARPI	4.1
2014-03-01 23:00:00	SARPI	2.533333333333333
2014-03-02 00:00:00	SARPI	1.4
2014-03-02 01:00:00	SARPI	2.466666666666667
2014-03-02 02:00:00	SARPI	0.3
2014-03-02 03:00:00	SARPI	1.3666666666666667
2014-03-02 05:00:00	SARPI	0.9666666666666667
2014-03-02 06:00:00	SARPI	1.0
2014-03-02 07:00:00	SARPI	1.2666666666666666
2014-03-02 08:00:00	SARPI	1.4
2014-03-02 09:00:00	SARPI	0.6666666666666666
2014-03-02 10:00:00	SARPI	1.9
2014-03-02 11:00:00	SARPI	1.0333333333333334
2014-03-02 12:00:00	SARPI	0.5666666666666667
2014-03-02 13:00:00	SARPI	1.6
2014-03-02 14:00:00	SARPI	3.1
2014-03-02 15:00:00	SARPI	1.1
2014-03-02 16:00:00	SARPI	0.36666666666666664
2014-03-02 17:00:00	SARPI	3.6333333333333333
2014-03-02 18:00:00	SARPI	4.633333333333334
2014-03-02 19:00:00	SARPI	4.833333333333333
2014-03-02 20:00:00	SARPI	5.633333333333334
2014-03-02 21:00:00	SARPI	8.966666666666667
2014-03-02 22:00:00	SARPI	4.766666666666667
2014-03-02 23:00:00	SARPI	0.7333333333333333
2014-02-24 00:00:00	SCALO ROMANA	5.233333333333333
2014-02-24 01:00:00	SCALO ROMANA	8.2
2014-02-24 02:00:00	SCALO ROMANA	6.866666666666666
2014-02-24 03:00:00	SCALO ROMANA	3.033333333333333
2014-02-24 04:00:00	SCALO ROMANA	2.2666666666666666
2014-02-24 05:00:00	SCALO ROMANA	2.0
2014-02-24 06:00:00	SCALO ROMANA	2.0
2014-02-24 07:00:00	SCALO ROMANA	1.9666666666666666
2014-02-24 08:00:00	SCALO ROMANA	1.2333333333333334
2014-02-24 09:00:00	SCALO ROMANA	2.966666666666667
2014-02-24 10:00:00	SCALO ROMANA	2.966666666666667
2014-02-24 11:00:00	SCALO ROMANA	2.8333333333333335
2014-02-24 12:00:00	SCALO ROMANA	1.9666666666666666
2014-02-24 13:00:00	SCALO ROMANA	1.4666666666666666
2014-02-24 14:00:00	SCALO ROMANA	1.0
2014-02-24 15:00:00	SCALO ROMANA	1.2333333333333334
2014-02-24 16:00:00	SCALO ROMANA	0.8333333333333334
2014-02-24 17:00:00	SCALO ROMANA	0.3333333333333333
2014-02-24 18:00:00	SCALO ROMANA	0.03333333333333333
2014-02-24 21:00:00	SCALO ROMANA	1.1
2014-02-24 22:00:00	SCALO ROMANA	1.8666666666666667
2014-02-24 23:00:00	SCALO ROMANA	4.4
2014-02-25 00:00:00	SCALO ROMANA	7.866666666666666
2014-02-25 01:00:00	SCALO ROMANA	7.0
2014-02-25 02:00:00	SCALO ROMANA	6.766666666666667
2014-02-25 03:00:00	SCALO ROMANA	7.0
2014-02-25 04:00:00	SCALO ROMANA	7.0
2014-02-25 05:00:00	SCALO ROMANA	6.766666666666667
2014-02-25 06:00:00	SCALO ROMANA	6.666666666666667
2014-02-25 07:00:00	SCALO ROMANA	4.933333333333334
2014-02-25 08:00:00	SCALO ROMANA	4.633333333333334
2014-02-25 09:00:00	SCALO ROMANA	5.566666666666666
2014-02-25 10:00:00	SCALO ROMANA	3.5
2014-02-25 11:00:00	SCALO ROMANA	3.4
2014-02-25 12:00:00	SCALO ROMANA	3.1333333333333333
2014-02-25 13:00:00	SCALO ROMANA	2.966666666666667
2014-02-25 14:00:00	SCALO ROMANA	0.4
2014-02-25 15:00:00	SCALO ROMANA	0.16666666666666666
2014-02-25 16:00:00	SCALO ROMANA	0.43333333333333335
2014-02-25 17:00:00	SCALO ROMANA	0.8
2014-02-25 18:00:00	SCALO ROMANA	1.2
2014-02-25 19:00:00	SCALO ROMANA	1.7
2014-02-25 20:00:00	SCALO ROMANA	2.5
2014-02-25 21:00:00	SCALO ROMANA	1.6
2014-02-25 22:00:00	SCALO ROMANA	1.5333333333333334
2014-02-25 23:00:00	SCALO ROMANA	1.3333333333333333
2014-02-26 00:00:00	SCALO ROMANA	1.0333333333333334
2014-02-26 01:00:00	SCALO ROMANA	1.8
2014-02-26 02:00:00	SCALO ROMANA	3.0
2014-02-26 03:00:00	SCALO ROMANA	1.8333333333333333
2014-02-26 04:00:00	SCALO ROMANA	2.7333333333333334
2014-02-26 05:00:00	SCALO ROMANA	3.0
2014-02-26 06:00:00	SCALO ROMANA	2.7
2014-02-26 07:00:00	SCALO ROMANA	2.966666666666667
2014-02-26 08:00:00	SCALO ROMANA	1.7666666666666666
2014-02-26 09:00:00	SCALO ROMANA	2.2666666666666666
2014-02-26 10:00:00	SCALO ROMANA	1.9
2014-02-26 11:00:00	SCALO ROMANA	0.7
2014-02-26 12:00:00	SCALO ROMANA	0.4666666666666667
2014-02-26 14:00:00	SCALO ROMANA	0.6666666666666666
2014-02-26 15:00:00	SCALO ROMANA	1.0333333333333334
2014-02-26 16:00:00	SCALO ROMANA	1.6
2014-02-26 17:00:00	SCALO ROMANA	0.7666666666666667
2014-02-26 18:00:00	SCALO ROMANA	0.16666666666666666
2014-02-26 20:00:00	SCALO ROMANA	0.26666666666666666
2014-02-26 21:00:00	SCALO ROMANA	0.36666666666666664
2014-02-26 22:00:00	SCALO ROMANA	0.23333333333333334
2014-02-26 23:00:00	SCALO ROMANA	2.1666666666666665
2014-02-27 00:00:00	SCALO ROMANA	1.9333333333333333
2014-02-27 01:00:00	SCALO ROMANA	2.0
2014-02-27 02:00:00	SCALO ROMANA	2.0
2014-02-27 03:00:00	SCALO ROMANA	2.0
2014-02-27 04:00:00	SCALO ROMANA	1.8666666666666667
2014-02-27 05:00:00	SCALO ROMANA	1.7
2014-02-27 06:00:00	SCALO ROMANA	2.0
2014-02-27 07:00:00	SCALO ROMANA	1.8666666666666667
2014-02-27 08:00:00	SCALO ROMANA	0.16666666666666666
2014-02-27 09:00:00	SCALO ROMANA	1.6666666666666667
2014-02-27 10:00:00	SCALO ROMANA	2.1
2014-02-27 11:00:00	SCALO ROMANA	1.6
2014-02-27 12:00:00	SCALO ROMANA	2.1666666666666665
2014-02-27 13:00:00	SCALO ROMANA	1.1666666666666667
2014-02-27 14:00:00	SCALO ROMANA	0.7333333333333333
2014-02-27 15:00:00	SCALO ROMANA	1.0
2014-02-27 16:00:00	SCALO ROMANA	1.6
2014-02-27 17:00:00	SCALO ROMANA	1.2333333333333334
2014-02-27 18:00:00	SCALO ROMANA	2.3
2014-02-27 19:00:00	SCALO ROMANA	1.3
2014-02-27 20:00:00	SCALO ROMANA	0.8333333333333334
2014-02-27 21:00:00	SCALO ROMANA	2.033333333333333
2014-02-27 22:00:00	SCALO ROMANA	0.4666666666666667
2014-02-27 23:00:00	SCALO ROMANA	1.2666666666666666
2014-02-28 00:00:00	SCALO ROMANA	0.4666666666666667
2014-02-28 02:00:00	SCALO ROMANA	0.7
2014-02-28 03:00:00	SCALO ROMANA	1.0
2014-02-28 04:00:00	SCALO ROMANA	1.0
2014-02-28 05:00:00	SCALO ROMANA	1.0
2014-02-28 06:00:00	SCALO ROMANA	1.7333333333333334
2014-02-28 07:00:00	SCALO ROMANA	2.0
2014-02-28 08:00:00	SCALO ROMANA	1.5666666666666667
2014-02-28 09:00:00	SCALO ROMANA	2.2
2014-02-28 10:00:00	SCALO ROMANA	2.466666666666667
2014-02-28 11:00:00	SCALO ROMANA	1.0
2014-02-28 12:00:00	SCALO ROMANA	1.0
2014-02-28 13:00:00	SCALO ROMANA	0.06666666666666667
2014-02-28 14:00:00	SCALO ROMANA	0.6333333333333333
2014-02-28 15:00:00	SCALO ROMANA	0.16666666666666666
2014-02-28 16:00:00	SCALO ROMANA	0.8333333333333334
2014-02-28 17:00:00	SCALO ROMANA	1.2666666666666666
2014-02-28 18:00:00	SCALO ROMANA	0.8
2014-02-28 19:00:00	SCALO ROMANA	0.6666666666666666
2014-02-28 20:00:00	SCALO ROMANA	0.3333333333333333
2014-02-28 21:00:00	SCALO ROMANA	0.6
2014-02-28 22:00:00	SCALO ROMANA	1.7666666666666666
2014-02-28 23:00:00	SCALO ROMANA	4.633333333333334
2014-03-01 00:00:00	SCALO ROMANA	3.8
2014-03-01 01:00:00	SCALO ROMANA	4.433333333333334
2014-03-01 02:00:00	SCALO ROMANA	3.8
2014-03-01 03:00:00	SCALO ROMANA	4.466666666666667
2014-03-01 04:00:00	SCALO ROMANA	3.066666666666667
2014-03-01 05:00:00	SCALO ROMANA	1.7333333333333334
2014-03-01 06:00:00	SCALO ROMANA	2.8333333333333335
2014-03-01 07:00:00	SCALO ROMANA	2.2333333333333334
2014-03-01 08:00:00	SCALO ROMANA	1.2333333333333334
2014-03-01 09:00:00	SCALO ROMANA	1.0
2014-03-01 10:00:00	SCALO ROMANA	0.8333333333333334
2014-03-01 11:00:00	SCALO ROMANA	0.13333333333333333
2014-03-01 12:00:00	SCALO ROMANA	0.7333333333333333
2014-03-01 13:00:00	SCALO ROMANA	0.3
2014-03-01 14:00:00	SCALO ROMANA	1.0666666666666667
2014-03-01 15:00:00	SCALO ROMANA	1.7333333333333334
2014-03-01 16:00:00	SCALO ROMANA	0.9333333333333333
2014-03-01 17:00:00	SCALO ROMANA	0.1
2014-03-01 18:00:00	SCALO ROMANA	1.7333333333333334
2014-03-01 19:00:00	SCALO ROMANA	2.2666666666666666
2014-03-01 20:00:00	SCALO ROMANA	0.3
2014-03-01 21:00:00	SCALO ROMANA	0.3
2014-03-01 22:00:00	SCALO ROMANA	1.1
2014-03-01 23:00:00	SCALO ROMANA	1.2666666666666666
2014-03-02 00:00:00	SCALO ROMANA	2.066666666666667
2014-03-02 01:00:00	SCALO ROMANA	7.0
2014-03-02 02:00:00	SCALO ROMANA	11.533333333333333
2014-03-02 03:00:00	SCALO ROMANA	10.5
2014-03-02 04:00:00	SCALO ROMANA	6.6
2014-03-02 05:00:00	SCALO ROMANA	1.7333333333333334
2014-03-02 06:00:00	SCALO ROMANA	1.7666666666666666
2014-03-02 07:00:00	SCALO ROMANA	1.0666666666666667
2014-03-02 08:00:00	SCALO ROMANA	0.9
2014-03-02 12:00:00	SCALO ROMANA	1.0333333333333334
2014-03-02 13:00:00	SCALO ROMANA	0.7333333333333333
2014-03-02 14:00:00	SCALO ROMANA	0.5666666666666667
2014-03-02 15:00:00	SCALO ROMANA	0.2
2014-03-02 17:00:00	SCALO ROMANA	0.7666666666666667
2014-03-02 18:00:00	SCALO ROMANA	1.1333333333333333
2014-03-02 19:00:00	SCALO ROMANA	3.7333333333333334
2014-03-02 20:00:00	SCALO ROMANA	4.6
2014-03-02 21:00:00	SCALO ROMANA	7.366666666666666
2014-03-02 22:00:00	SCALO ROMANA	9.6
2014-03-02 23:00:00	SCALO ROMANA	9.633333333333333
2014-02-24 00:00:00	SELINUNTE	4.433333333333334
2014-02-24 01:00:00	SELINUNTE	5.166666666666667
2014-02-24 02:00:00	SELINUNTE	6.766666666666667
2014-02-24 03:00:00	SELINUNTE	6.0
2014-02-24 04:00:00	SELINUNTE	5.833333333333333
2014-02-24 05:00:00	SELINUNTE	5.0
2014-02-24 06:00:00	SELINUNTE	5.0
2014-02-24 07:00:00	SELINUNTE	3.9
2014-02-24 08:00:00	SELINUNTE	2.6666666666666665
2014-02-24 09:00:00	SELINUNTE	1.2333333333333334
2014-02-24 10:00:00	SELINUNTE	1.0
2014-02-24 11:00:00	SELINUNTE	2.033333333333333
2014-02-24 12:00:00	SELINUNTE	2.3
2014-02-24 13:00:00	SELINUNTE	3.5
2014-02-24 14:00:00	SELINUNTE	3.7
2014-02-24 15:00:00	SELINUNTE	2.066666666666667
2014-02-24 16:00:00	SELINUNTE	2.033333333333333
2014-02-24 17:00:00	SELINUNTE	2.533333333333333
2014-02-24 18:00:00	SELINUNTE	1.8
2014-02-24 19:00:00	SELINUNTE	2.3333333333333335
2014-02-24 20:00:00	SELINUNTE	1.6333333333333333
2014-02-24 21:00:00	SELINUNTE	3.1
2014-02-24 22:00:00	SELINUNTE	1.9666666666666666
2014-02-24 23:00:00	SELINUNTE	0.9666666666666667
2014-02-25 00:00:00	SELINUNTE	2.0
2014-02-25 01:00:00	SELINUNTE	3.9
2014-02-25 02:00:00	SELINUNTE	3.933333333333333
2014-02-25 03:00:00	SELINUNTE	4.0
2014-02-25 04:00:00	SELINUNTE	4.0
2014-02-25 05:00:00	SELINUNTE	3.1333333333333333
2014-02-25 06:00:00	SELINUNTE	2.9
2014-02-25 07:00:00	SELINUNTE	2.0
2014-02-25 08:00:00	SELINUNTE	2.033333333333333
2014-02-25 09:00:00	SELINUNTE	2.0
2014-02-25 10:00:00	SELINUNTE	1.3333333333333333
2014-02-25 11:00:00	SELINUNTE	2.2333333333333334
2014-02-25 12:00:00	SELINUNTE	2.533333333333333
2014-02-25 13:00:00	SELINUNTE	1.8333333333333333
2014-02-25 14:00:00	SELINUNTE	0.26666666666666666
2014-02-25 16:00:00	SELINUNTE	0.03333333333333333
2014-02-25 17:00:00	SELINUNTE	1.1333333333333333
2014-02-25 18:00:00	SELINUNTE	1.0
2014-02-25 19:00:00	SELINUNTE	0.5666666666666667
2014-02-25 20:00:00	SELINUNTE	0.4
2014-02-25 21:00:00	SELINUNTE	0.7
2014-02-25 22:00:00	SELINUNTE	1.8333333333333333
2014-02-25 23:00:00	SELINUNTE	2.5
2014-02-26 00:00:00	SELINUNTE	1.2
2014-02-26 01:00:00	SELINUNTE	2.966666666666667
2014-02-26 02:00:00	SELINUNTE	2.966666666666667
2014-02-26 03:00:00	SELINUNTE	2.8333333333333335
2014-02-26 04:00:00	SELINUNTE	2.7333333333333334
2014-02-26 05:00:00	SELINUNTE	2.2666666666666666
2014-02-26 06:00:00	SELINUNTE	2.3333333333333335
2014-02-26 07:00:00	SELINUNTE	2.966666666666667
2014-02-26 08:00:00	SELINUNTE	2.6333333333333333
2014-02-26 09:00:00	SELINUNTE	1.8
2014-02-26 11:00:00	SELINUNTE	0.13333333333333333
2014-02-26 12:00:00	SELINUNTE	0.8666666666666667
2014-02-26 13:00:00	SELINUNTE	1.5333333333333334
2014-02-26 14:00:00	SELINUNTE	1.0
2014-02-26 15:00:00	SELINUNTE	1.8333333333333333
2014-02-26 16:00:00	SELINUNTE	1.5666666666666667
2014-02-26 17:00:00	SELINUNTE	2.0
2014-02-26 18:00:00	SELINUNTE	1.3
2014-02-26 19:00:00	SELINUNTE	0.6333333333333333
2014-02-26 20:00:00	SELINUNTE	1.6666666666666667
2014-02-26 21:00:00	SELINUNTE	1.2666666666666666
2014-02-26 22:00:00	SELINUNTE	1.4
2014-02-26 23:00:00	SELINUNTE	1.7666666666666666
2014-02-27 00:00:00	SELINUNTE	4.433333333333334
2014-02-27 01:00:00	SELINUNTE	7.133333333333334
2014-02-27 02:00:00	SELINUNTE	8.0
2014-02-27 03:00:00	SELINUNTE	8.0
2014-02-27 04:00:00	SELINUNTE	8.0
2014-02-27 05:00:00	SELINUNTE	7.8
2014-02-27 06:00:00	SELINUNTE	5.833333333333333
2014-02-27 07:00:00	SELINUNTE	4.9
2014-02-27 08:00:00	SELINUNTE	4.1
2014-02-27 09:00:00	SELINUNTE	1.7333333333333334
2014-02-27 10:00:00	SELINUNTE	2.3666666666666667
2014-02-27 11:00:00	SELINUNTE	1.9
2014-02-27 12:00:00	SELINUNTE	1.8
2014-02-27 13:00:00	SELINUNTE	1.0333333333333334
2014-02-27 14:00:00	SELINUNTE	0.4
2014-02-27 15:00:00	SELINUNTE	0.36666666666666664
2014-02-27 16:00:00	SELINUNTE	0.5666666666666667
2014-02-27 17:00:00	SELINUNTE	0.9666666666666667
2014-02-27 18:00:00	SELINUNTE	1.0
2014-02-27 19:00:00	SELINUNTE	0.6
2014-02-27 20:00:00	SELINUNTE	1.9333333333333333
2014-02-27 21:00:00	SELINUNTE	1.6666666666666667
2014-02-27 22:00:00	SELINUNTE	1.2
2014-02-27 23:00:00	SELINUNTE	3.9
2014-02-28 00:00:00	SELINUNTE	6.966666666666667
2014-02-28 01:00:00	SELINUNTE	8.466666666666667
2014-02-28 02:00:00	SELINUNTE	8.166666666666666
2014-02-28 03:00:00	SELINUNTE	8.0
2014-02-28 04:00:00	SELINUNTE	7.933333333333334
2014-02-28 05:00:00	SELINUNTE	7.0
2014-02-28 06:00:00	SELINUNTE	7.066666666666666
2014-02-28 07:00:00	SELINUNTE	7.933333333333334
2014-02-28 08:00:00	SELINUNTE	6.066666666666666
2014-02-28 09:00:00	SELINUNTE	4.266666666666667
2014-02-28 10:00:00	SELINUNTE	3.3
2014-02-28 11:00:00	SELINUNTE	2.6
2014-02-28 12:00:00	SELINUNTE	4.066666666666666
2014-02-28 13:00:00	SELINUNTE	4.1
2014-02-28 14:00:00	SELINUNTE	3.433333333333333
2014-02-28 15:00:00	SELINUNTE	2.8
2014-02-28 16:00:00	SELINUNTE	2.8333333333333335
2014-02-28 17:00:00	SELINUNTE	3.6333333333333333
2014-02-28 18:00:00	SELINUNTE	3.466666666666667
2014-02-28 19:00:00	SELINUNTE	3.8
2014-02-28 20:00:00	SELINUNTE	0.5
2014-02-28 21:00:00	SELINUNTE	0.43333333333333335
2014-02-28 22:00:00	SELINUNTE	1.7666666666666666
2014-02-28 23:00:00	SELINUNTE	1.8666666666666667
2014-03-01 00:00:00	SELINUNTE	0.3333333333333333
2014-03-01 01:00:00	SELINUNTE	0.3
2014-03-01 02:00:00	SELINUNTE	0.36666666666666664
2014-03-01 03:00:00	SELINUNTE	1.7333333333333334
2014-03-01 04:00:00	SELINUNTE	2.066666666666667
2014-03-01 05:00:00	SELINUNTE	2.0
2014-03-01 06:00:00	SELINUNTE	2.3666666666666667
2014-03-01 07:00:00	SELINUNTE	3.0
2014-03-01 08:00:00	SELINUNTE	3.0
2014-03-01 09:00:00	SELINUNTE	1.0666666666666667
2014-03-01 10:00:00	SELINUNTE	1.3666666666666667
2014-03-01 11:00:00	SELINUNTE	1.7666666666666666
2014-03-01 12:00:00	SELINUNTE	1.1333333333333333
2014-03-01 13:00:00	SELINUNTE	3.433333333333333
2014-03-01 14:00:00	SELINUNTE	2.566666666666667
2014-03-01 15:00:00	SELINUNTE	0.26666666666666666
2014-03-01 16:00:00	SELINUNTE	1.9333333333333333
2014-03-01 17:00:00	SELINUNTE	1.8
2014-03-01 18:00:00	SELINUNTE	1.9
2014-03-01 19:00:00	SELINUNTE	1.3
2014-03-01 20:00:00	SELINUNTE	1.8
2014-03-01 21:00:00	SELINUNTE	0.7333333333333333
2014-03-01 22:00:00	SELINUNTE	2.8666666666666667
2014-03-01 23:00:00	SELINUNTE	2.533333333333333
2014-03-02 00:00:00	SELINUNTE	2.2333333333333334
2014-03-02 01:00:00	SELINUNTE	3.0
2014-03-02 02:00:00	SELINUNTE	4.233333333333333
2014-03-02 03:00:00	SELINUNTE	5.366666666666666
2014-03-02 04:00:00	SELINUNTE	8.3
2014-03-02 05:00:00	SELINUNTE	7.333333333333333
2014-03-02 06:00:00	SELINUNTE	9.066666666666666
2014-03-02 07:00:00	SELINUNTE	10.0
2014-03-02 08:00:00	SELINUNTE	9.866666666666667
2014-03-02 09:00:00	SELINUNTE	8.966666666666667
2014-03-02 10:00:00	SELINUNTE	8.233333333333333
2014-03-02 11:00:00	SELINUNTE	8.0
2014-03-02 12:00:00	SELINUNTE	8.4
2014-03-02 13:00:00	SELINUNTE	7.966666666666667
2014-03-02 14:00:00	SELINUNTE	7.733333333333333
2014-03-02 15:00:00	SELINUNTE	6.233333333333333
2014-03-02 16:00:00	SELINUNTE	4.866666666666666
2014-03-02 17:00:00	SELINUNTE	4.133333333333334
2014-03-02 18:00:00	SELINUNTE	3.066666666666667
2014-03-02 19:00:00	SELINUNTE	4.966666666666667
2014-03-02 20:00:00	SELINUNTE	3.7
2014-03-02 21:00:00	SELINUNTE	5.766666666666667
2014-03-02 22:00:00	SELINUNTE	3.966666666666667
2014-03-02 23:00:00	SELINUNTE	0.5666666666666667
2014-02-24 00:00:00	STADERA	12.066666666666666
2014-02-24 01:00:00	STADERA	14.266666666666667
2014-02-24 02:00:00	STADERA	14.533333333333333
2014-02-24 03:00:00	STADERA	14.8
2014-02-24 04:00:00	STADERA	14.433333333333334
2014-02-24 05:00:00	STADERA	16.0
2014-02-24 06:00:00	STADERA	15.733333333333333
2014-02-24 07:00:00	STADERA	12.233333333333333
2014-02-24 08:00:00	STADERA	9.566666666666666
2014-02-24 09:00:00	STADERA	8.7
2014-02-24 10:00:00	STADERA	6.333333333333333
2014-02-24 11:00:00	STADERA	6.033333333333333
2014-02-24 12:00:00	STADERA	7.0
2014-02-24 13:00:00	STADERA	6.433333333333334
2014-02-24 14:00:00	STADERA	6.066666666666666
2014-02-24 15:00:00	STADERA	5.9
2014-02-24 16:00:00	STADERA	5.3
2014-02-24 17:00:00	STADERA	4.6
2014-02-24 18:00:00	STADERA	3.6666666666666665
2014-02-24 19:00:00	STADERA	5.0
2014-02-24 20:00:00	STADERA	6.6
2014-02-24 21:00:00	STADERA	8.633333333333333
2014-02-24 22:00:00	STADERA	5.333333333333333
2014-02-24 23:00:00	STADERA	9.566666666666666
2014-02-25 00:00:00	STADERA	12.4
2014-02-25 01:00:00	STADERA	13.533333333333333
2014-02-25 02:00:00	STADERA	11.7
2014-02-25 03:00:00	STADERA	12.0
2014-02-25 04:00:00	STADERA	12.0
2014-02-25 05:00:00	STADERA	11.366666666666667
2014-02-25 06:00:00	STADERA	11.033333333333333
2014-02-25 07:00:00	STADERA	9.0
2014-02-25 08:00:00	STADERA	5.333333333333333
2014-02-25 09:00:00	STADERA	4.433333333333334
2014-02-25 10:00:00	STADERA	4.466666666666667
2014-02-25 11:00:00	STADERA	4.466666666666667
2014-02-25 12:00:00	STADERA	4.1
2014-02-25 13:00:00	STADERA	4.4
2014-02-25 14:00:00	STADERA	6.133333333333334
2014-02-25 15:00:00	STADERA	6.3
2014-02-25 16:00:00	STADERA	5.266666666666667
2014-02-25 17:00:00	STADERA	5.0
2014-02-25 18:00:00	STADERA	6.466666666666667
2014-02-25 19:00:00	STADERA	8.2
2014-02-25 20:00:00	STADERA	9.433333333333334
2014-02-25 21:00:00	STADERA	8.2
2014-02-25 22:00:00	STADERA	10.966666666666667
2014-02-25 23:00:00	STADERA	7.133333333333334
2014-02-26 00:00:00	STADERA	9.1
2014-02-26 01:00:00	STADERA	8.333333333333334
2014-02-26 02:00:00	STADERA	11.166666666666666
2014-02-26 03:00:00	STADERA	12.4
2014-02-26 04:00:00	STADERA	12.633333333333333
2014-02-26 05:00:00	STADERA	12.166666666666666
2014-02-26 06:00:00	STADERA	11.866666666666667
2014-02-26 07:00:00	STADERA	10.4
2014-02-26 08:00:00	STADERA	7.966666666666667
2014-02-26 09:00:00	STADERA	6.266666666666667
2014-02-26 10:00:00	STADERA	5.666666666666667
2014-02-26 11:00:00	STADERA	4.633333333333334
2014-02-26 12:00:00	STADERA	3.7333333333333334
2014-02-26 13:00:00	STADERA	3.8333333333333335
2014-02-26 14:00:00	STADERA	5.3
2014-02-26 15:00:00	STADERA	5.433333333333334
2014-02-26 16:00:00	STADERA	4.166666666666667
2014-02-26 17:00:00	STADERA	3.1
2014-02-26 18:00:00	STADERA	4.5
2014-02-26 19:00:00	STADERA	5.666666666666667
2014-02-26 20:00:00	STADERA	6.2
2014-02-26 21:00:00	STADERA	9.566666666666666
2014-02-26 22:00:00	STADERA	8.833333333333334
2014-02-26 23:00:00	STADERA	7.066666666666666
2014-02-27 00:00:00	STADERA	8.8
2014-02-27 01:00:00	STADERA	7.766666666666667
2014-02-27 02:00:00	STADERA	8.0
2014-02-27 03:00:00	STADERA	8.5
2014-02-27 04:00:00	STADERA	8.966666666666667
2014-02-27 05:00:00	STADERA	9.8
2014-02-27 06:00:00	STADERA	10.0
2014-02-27 07:00:00	STADERA	9.366666666666667
2014-02-27 08:00:00	STADERA	7.366666666666666
2014-02-27 09:00:00	STADERA	5.8
2014-02-27 10:00:00	STADERA	5.633333333333334
2014-02-27 11:00:00	STADERA	6.666666666666667
2014-02-27 12:00:00	STADERA	7.633333333333334
2014-02-27 13:00:00	STADERA	7.7
2014-02-27 14:00:00	STADERA	4.9
2014-02-27 15:00:00	STADERA	8.166666666666666
2014-02-27 16:00:00	STADERA	8.966666666666667
2014-02-27 17:00:00	STADERA	5.5
2014-02-27 18:00:00	STADERA	3.8333333333333335
2014-02-27 19:00:00	STADERA	4.133333333333334
2014-02-27 20:00:00	STADERA	4.866666666666666
2014-02-27 21:00:00	STADERA	3.533333333333333
2014-02-27 22:00:00	STADERA	4.133333333333334
2014-02-27 23:00:00	STADERA	6.2
2014-02-28 00:00:00	STADERA	8.633333333333333
2014-02-28 01:00:00	STADERA	9.3
2014-02-28 02:00:00	STADERA	10.533333333333333
2014-02-28 03:00:00	STADERA	11.0
2014-02-28 04:00:00	STADERA	11.0
2014-02-28 05:00:00	STADERA	11.0
2014-02-28 06:00:00	STADERA	11.0
2014-02-28 07:00:00	STADERA	8.666666666666666
2014-02-28 08:00:00	STADERA	5.7
2014-02-28 09:00:00	STADERA	3.9
2014-02-28 10:00:00	STADERA	2.8666666666666667
2014-02-28 11:00:00	STADERA	3.2666666666666666
2014-02-28 12:00:00	STADERA	1.5333333333333334
2014-02-28 13:00:00	STADERA	1.0
2014-02-28 14:00:00	STADERA	1.2666666666666666
2014-02-28 15:00:00	STADERA	3.533333333333333
2014-02-28 16:00:00	STADERA	2.6666666666666665
2014-02-28 17:00:00	STADERA	2.6333333333333333
2014-02-28 18:00:00	STADERA	0.4666666666666667
2014-02-28 19:00:00	STADERA	2.3333333333333335
2014-02-28 20:00:00	STADERA	4.0
2014-02-28 21:00:00	STADERA	6.4
2014-02-28 22:00:00	STADERA	7.4
2014-02-28 23:00:00	STADERA	7.766666666666667
2014-03-01 00:00:00	STADERA	6.633333333333334
2014-03-01 01:00:00	STADERA	8.1
2014-03-01 02:00:00	STADERA	8.3
2014-03-01 03:00:00	STADERA	9.566666666666666
2014-03-01 04:00:00	STADERA	12.733333333333333
2014-03-01 05:00:00	STADERA	13.0
2014-03-01 06:00:00	STADERA	12.666666666666666
2014-03-01 07:00:00	STADERA	13.266666666666667
2014-03-01 08:00:00	STADERA	11.633333333333333
2014-03-01 09:00:00	STADERA	11.466666666666667
2014-03-01 10:00:00	STADERA	9.9
2014-03-01 11:00:00	STADERA	6.066666666666666
2014-03-01 12:00:00	STADERA	8.033333333333333
2014-03-01 13:00:00	STADERA	5.266666666666667
2014-03-01 14:00:00	STADERA	4.4
2014-03-01 15:00:00	STADERA	3.7333333333333334
2014-03-01 16:00:00	STADERA	4.966666666666667
2014-03-01 17:00:00	STADERA	4.533333333333333
2014-03-01 18:00:00	STADERA	4.833333333333333
2014-03-01 19:00:00	STADERA	5.5
2014-03-01 20:00:00	STADERA	2.8
2014-03-01 21:00:00	STADERA	4.1
2014-03-01 22:00:00	STADERA	2.933333333333333
2014-03-01 23:00:00	STADERA	4.466666666666667
2014-03-02 00:00:00	STADERA	6.133333333333334
2014-03-02 01:00:00	STADERA	7.533333333333333
2014-03-02 02:00:00	STADERA	5.533333333333333
2014-03-02 03:00:00	STADERA	7.9
2014-03-02 04:00:00	STADERA	8.933333333333334
2014-03-02 05:00:00	STADERA	7.733333333333333
2014-03-02 06:00:00	STADERA	9.033333333333333
2014-03-02 07:00:00	STADERA	8.1
2014-03-02 08:00:00	STADERA	7.333333333333333
2014-03-02 09:00:00	STADERA	7.2
2014-03-02 10:00:00	STADERA	7.133333333333334
2014-03-02 11:00:00	STADERA	6.933333333333334
2014-03-02 12:00:00	STADERA	7.0
2014-03-02 13:00:00	STADERA	6.366666666666666
2014-03-02 14:00:00	STADERA	6.0
2014-03-02 15:00:00	STADERA	5.033333333333333
2014-03-02 16:00:00	STADERA	5.233333333333333
2014-03-02 17:00:00	STADERA	6.066666666666666
2014-03-02 18:00:00	STADERA	5.933333333333334
2014-03-02 19:00:00	STADERA	6.0
2014-03-02 20:00:00	STADERA	4.733333333333333
2014-03-02 21:00:00	STADERA	6.866666666666666
2014-03-02 22:00:00	STADERA	7.133333333333334
2014-03-02 23:00:00	STADERA	8.6
2014-02-24 21:00:00	STEPHENSON	0.03333333333333333
2014-02-24 22:00:00	STEPHENSON	0.8333333333333334
2014-02-24 23:00:00	STEPHENSON	1.6
2014-02-25 00:00:00	STEPHENSON	2.0
2014-02-25 01:00:00	STEPHENSON	0.8333333333333334
2014-02-25 14:00:00	STEPHENSON	0.43333333333333335
2014-02-25 15:00:00	STEPHENSON	0.8333333333333334
2014-02-25 19:00:00	STEPHENSON	0.3
2014-02-25 20:00:00	STEPHENSON	1.0
2014-02-25 21:00:00	STEPHENSON	1.0
2014-02-25 22:00:00	STEPHENSON	1.0
2014-02-25 23:00:00	STEPHENSON	0.13333333333333333
2014-02-26 08:00:00	STEPHENSON	0.16666666666666666
2014-02-26 09:00:00	STEPHENSON	1.0
2014-02-26 10:00:00	STEPHENSON	1.0
2014-02-26 11:00:00	STEPHENSON	1.0
2014-02-26 12:00:00	STEPHENSON	1.0
2014-02-26 13:00:00	STEPHENSON	1.0
2014-02-26 14:00:00	STEPHENSON	1.0
2014-02-26 15:00:00	STEPHENSON	0.9333333333333333
2014-02-26 16:00:00	STEPHENSON	1.0
2014-02-26 17:00:00	STEPHENSON	1.7333333333333334
2014-02-26 18:00:00	STEPHENSON	0.9666666666666667
2014-02-26 19:00:00	STEPHENSON	1.0
2014-02-26 20:00:00	STEPHENSON	1.0
2014-02-26 21:00:00	STEPHENSON	1.0
2014-02-26 22:00:00	STEPHENSON	1.0
2014-02-26 23:00:00	STEPHENSON	1.0
2014-02-27 00:00:00	STEPHENSON	1.0
2014-02-27 01:00:00	STEPHENSON	1.0
2014-02-27 02:00:00	STEPHENSON	1.0
2014-02-27 03:00:00	STEPHENSON	1.0
2014-02-27 04:00:00	STEPHENSON	1.0
2014-02-27 05:00:00	STEPHENSON	1.0
2014-02-27 06:00:00	STEPHENSON	1.0
2014-02-27 07:00:00	STEPHENSON	1.0
2014-02-27 08:00:00	STEPHENSON	1.0
2014-02-27 09:00:00	STEPHENSON	1.2333333333333334
2014-02-27 10:00:00	STEPHENSON	1.4333333333333333
2014-02-27 11:00:00	STEPHENSON	1.0
2014-02-27 12:00:00	STEPHENSON	1.0
2014-02-27 13:00:00	STEPHENSON	1.0
2014-02-27 14:00:00	STEPHENSON	0.7333333333333333
2014-02-27 15:00:00	STEPHENSON	1.0
2014-02-27 16:00:00	STEPHENSON	1.0
2014-02-27 17:00:00	STEPHENSON	1.0
2014-02-27 18:00:00	STEPHENSON	1.0
2014-02-27 19:00:00	STEPHENSON	1.0
2014-02-27 20:00:00	STEPHENSON	1.0
2014-02-27 21:00:00	STEPHENSON	1.0
2014-02-27 22:00:00	STEPHENSON	0.9333333333333333
2014-02-27 23:00:00	STEPHENSON	1.0
2014-02-28 00:00:00	STEPHENSON	1.0
2014-02-28 01:00:00	STEPHENSON	0.9666666666666667
2014-02-28 02:00:00	STEPHENSON	1.0
2014-02-28 03:00:00	STEPHENSON	1.0
2014-02-28 04:00:00	STEPHENSON	1.0
2014-02-28 05:00:00	STEPHENSON	1.0
2014-02-28 06:00:00	STEPHENSON	1.0
2014-02-28 07:00:00	STEPHENSON	1.0
2014-02-28 08:00:00	STEPHENSON	1.6
2014-02-28 09:00:00	STEPHENSON	2.0
2014-02-28 10:00:00	STEPHENSON	1.8666666666666667
2014-02-28 11:00:00	STEPHENSON	1.3666666666666667
2014-02-28 12:00:00	STEPHENSON	2.0
2014-02-28 13:00:00	STEPHENSON	2.0
2014-02-28 14:00:00	STEPHENSON	2.0
2014-02-28 15:00:00	STEPHENSON	2.0
2014-02-28 16:00:00	STEPHENSON	1.5
2014-02-28 17:00:00	STEPHENSON	1.0
2014-02-28 18:00:00	STEPHENSON	1.0
2014-02-28 19:00:00	STEPHENSON	1.0
2014-02-28 20:00:00	STEPHENSON	1.0
2014-02-28 21:00:00	STEPHENSON	1.0
2014-02-28 22:00:00	STEPHENSON	1.0
2014-02-28 23:00:00	STEPHENSON	1.0
2014-03-01 00:00:00	STEPHENSON	1.0
2014-03-01 01:00:00	STEPHENSON	1.0
2014-03-01 02:00:00	STEPHENSON	0.7666666666666667
2014-03-01 03:00:00	STEPHENSON	0.8666666666666667
2014-03-01 04:00:00	STEPHENSON	1.0
2014-03-01 05:00:00	STEPHENSON	1.0
2014-03-01 06:00:00	STEPHENSON	1.0
2014-03-01 07:00:00	STEPHENSON	1.0
2014-03-01 08:00:00	STEPHENSON	1.0
2014-03-01 09:00:00	STEPHENSON	1.0
2014-03-01 10:00:00	STEPHENSON	1.0
2014-03-01 11:00:00	STEPHENSON	0.3
2014-03-01 22:00:00	STEPHENSON	0.6666666666666666
2014-03-01 23:00:00	STEPHENSON	1.0
2014-03-02 00:00:00	STEPHENSON	1.0
2014-03-02 01:00:00	STEPHENSON	0.7
2014-03-02 15:00:00	STEPHENSON	0.9333333333333333
2014-03-02 16:00:00	STEPHENSON	1.0
2014-03-02 17:00:00	STEPHENSON	1.0
2014-03-02 18:00:00	STEPHENSON	1.0
2014-03-02 19:00:00	STEPHENSON	1.0
2014-03-02 20:00:00	STEPHENSON	1.0
2014-03-02 21:00:00	STEPHENSON	1.0
2014-03-02 22:00:00	STEPHENSON	1.0
2014-03-02 23:00:00	STEPHENSON	1.0
2014-02-24 00:00:00	TIBALDI	2.3
2014-02-24 01:00:00	TIBALDI	4.2
2014-02-24 02:00:00	TIBALDI	5.7
2014-02-24 03:00:00	TIBALDI	6.0
2014-02-24 04:00:00	TIBALDI	6.0
2014-02-24 05:00:00	TIBALDI	6.0
2014-02-24 06:00:00	TIBALDI	5.833333333333333
2014-02-24 07:00:00	TIBALDI	4.333333333333333
2014-02-24 08:00:00	TIBALDI	1.7333333333333334
2014-02-24 09:00:00	TIBALDI	1.3666666666666667
2014-02-24 10:00:00	TIBALDI	1.0
2014-02-24 11:00:00	TIBALDI	1.7666666666666666
2014-02-24 12:00:00	TIBALDI	2.0
2014-02-24 13:00:00	TIBALDI	2.1666666666666665
2014-02-24 14:00:00	TIBALDI	0.7333333333333333
2014-02-24 15:00:00	TIBALDI	1.0666666666666667
2014-02-24 16:00:00	TIBALDI	0.7333333333333333
2014-02-24 18:00:00	TIBALDI	0.3
2014-02-24 19:00:00	TIBALDI	1.2
2014-02-24 20:00:00	TIBALDI	3.8333333333333335
2014-02-24 21:00:00	TIBALDI	4.066666666666666
2014-02-24 22:00:00	TIBALDI	2.2333333333333334
2014-02-24 23:00:00	TIBALDI	3.066666666666667
2014-02-25 00:00:00	TIBALDI	0.6333333333333333
2014-02-25 01:00:00	TIBALDI	1.0
2014-02-25 02:00:00	TIBALDI	0.6333333333333333
2014-02-25 03:00:00	TIBALDI	1.4333333333333333
2014-02-25 04:00:00	TIBALDI	1.4333333333333333
2014-02-25 05:00:00	TIBALDI	0.9666666666666667
2014-02-25 06:00:00	TIBALDI	1.0
2014-02-25 07:00:00	TIBALDI	0.5666666666666667
2014-02-25 08:00:00	TIBALDI	1.2333333333333334
2014-02-25 09:00:00	TIBALDI	0.16666666666666666
2014-02-25 10:00:00	TIBALDI	0.7666666666666667
2014-02-25 11:00:00	TIBALDI	0.26666666666666666
2014-02-25 12:00:00	TIBALDI	1.0
2014-02-25 13:00:00	TIBALDI	0.36666666666666664
2014-02-25 16:00:00	TIBALDI	1.1666666666666667
2014-02-25 17:00:00	TIBALDI	0.7
2014-02-25 19:00:00	TIBALDI	0.3333333333333333
2014-02-25 20:00:00	TIBALDI	1.3
2014-02-25 21:00:00	TIBALDI	2.066666666666667
2014-02-25 22:00:00	TIBALDI	1.3333333333333333
2014-02-25 23:00:00	TIBALDI	0.4666666666666667
2014-02-26 00:00:00	TIBALDI	1.4666666666666666
2014-02-26 01:00:00	TIBALDI	3.0
2014-02-26 02:00:00	TIBALDI	3.466666666666667
2014-02-26 03:00:00	TIBALDI	4.0
2014-02-26 04:00:00	TIBALDI	4.8
2014-02-26 05:00:00	TIBALDI	4.866666666666666
2014-02-26 06:00:00	TIBALDI	3.2666666666666666
2014-02-26 07:00:00	TIBALDI	2.8333333333333335
2014-02-26 08:00:00	TIBALDI	1.6666666666666667
2014-02-26 10:00:00	TIBALDI	0.8
2014-02-26 11:00:00	TIBALDI	0.6666666666666666
2014-02-26 12:00:00	TIBALDI	1.6
2014-02-26 13:00:00	TIBALDI	2.5
2014-02-26 14:00:00	TIBALDI	3.2333333333333334
2014-02-26 15:00:00	TIBALDI	3.6
2014-02-26 16:00:00	TIBALDI	1.7
2014-02-26 17:00:00	TIBALDI	2.433333333333333
2014-02-26 18:00:00	TIBALDI	2.7333333333333334
2014-02-26 19:00:00	TIBALDI	0.7333333333333333
2014-02-26 20:00:00	TIBALDI	0.06666666666666667
2014-02-26 21:00:00	TIBALDI	1.8
2014-02-26 22:00:00	TIBALDI	2.466666666666667
2014-02-26 23:00:00	TIBALDI	0.2
2014-02-27 00:00:00	TIBALDI	1.8333333333333333
2014-02-27 01:00:00	TIBALDI	2.0
2014-02-27 02:00:00	TIBALDI	2.1
2014-02-27 03:00:00	TIBALDI	3.0
2014-02-27 04:00:00	TIBALDI	3.0
2014-02-27 05:00:00	TIBALDI	2.466666666666667
2014-02-27 06:00:00	TIBALDI	2.0
2014-02-27 07:00:00	TIBALDI	1.6
2014-02-27 08:00:00	TIBALDI	0.2
2014-02-27 09:00:00	TIBALDI	0.2
2014-02-27 11:00:00	TIBALDI	0.2
2014-02-27 12:00:00	TIBALDI	0.7666666666666667
2014-02-27 13:00:00	TIBALDI	2.0
2014-02-27 14:00:00	TIBALDI	1.3
2014-02-27 15:00:00	TIBALDI	1.5
2014-02-27 16:00:00	TIBALDI	0.5666666666666667
2014-02-27 17:00:00	TIBALDI	1.0
2014-02-27 18:00:00	TIBALDI	2.3
2014-02-27 19:00:00	TIBALDI	1.5666666666666667
2014-02-27 20:00:00	TIBALDI	0.36666666666666664
2014-02-27 21:00:00	TIBALDI	0.3
2014-02-27 22:00:00	TIBALDI	1.6
2014-02-27 23:00:00	TIBALDI	0.4666666666666667
2014-02-28 00:00:00	TIBALDI	0.6
2014-02-28 01:00:00	TIBALDI	1.0333333333333334
2014-02-28 02:00:00	TIBALDI	1.0
2014-02-28 03:00:00	TIBALDI	0.6333333333333333
2014-02-28 04:00:00	TIBALDI	1.9333333333333333
2014-02-28 05:00:00	TIBALDI	1.2666666666666666
2014-02-28 06:00:00	TIBALDI	0.4666666666666667
2014-02-28 09:00:00	TIBALDI	0.8666666666666667
2014-02-28 10:00:00	TIBALDI	0.9333333333333333
2014-02-28 11:00:00	TIBALDI	1.3333333333333333
2014-02-28 12:00:00	TIBALDI	0.8
2014-02-28 13:00:00	TIBALDI	0.8333333333333334
2014-02-28 14:00:00	TIBALDI	1.0666666666666667
2014-02-28 15:00:00	TIBALDI	0.4666666666666667
2014-02-28 16:00:00	TIBALDI	0.9
2014-02-28 17:00:00	TIBALDI	0.7333333333333333
2014-02-28 19:00:00	TIBALDI	0.1
2014-02-28 20:00:00	TIBALDI	0.5333333333333333
2014-02-28 21:00:00	TIBALDI	3.3333333333333335
2014-02-28 22:00:00	TIBALDI	1.3333333333333333
2014-02-28 23:00:00	TIBALDI	1.0
2014-03-01 00:00:00	TIBALDI	1.5666666666666667
2014-03-01 01:00:00	TIBALDI	2.1333333333333333
2014-03-01 02:00:00	TIBALDI	1.0
2014-03-01 03:00:00	TIBALDI	0.8666666666666667
2014-03-01 04:00:00	TIBALDI	0.5666666666666667
2014-03-01 05:00:00	TIBALDI	2.2666666666666666
2014-03-01 06:00:00	TIBALDI	1.4666666666666666
2014-03-01 07:00:00	TIBALDI	1.2
2014-03-01 08:00:00	TIBALDI	0.7666666666666667
2014-03-01 09:00:00	TIBALDI	0.5333333333333333
2014-03-01 10:00:00	TIBALDI	0.16666666666666666
2014-03-01 13:00:00	TIBALDI	1.7333333333333334
2014-03-01 14:00:00	TIBALDI	5.6
2014-03-01 15:00:00	TIBALDI	3.3333333333333335
2014-03-01 16:00:00	TIBALDI	0.06666666666666667
2014-03-01 17:00:00	TIBALDI	0.06666666666666667
2014-03-01 18:00:00	TIBALDI	0.3
2014-03-01 19:00:00	TIBALDI	0.16666666666666666
2014-03-01 20:00:00	TIBALDI	0.6
2014-03-01 21:00:00	TIBALDI	0.7666666666666667
2014-03-01 22:00:00	TIBALDI	0.7
2014-03-01 23:00:00	TIBALDI	0.4666666666666667
2014-03-02 00:00:00	TIBALDI	0.06666666666666667
2014-03-02 01:00:00	TIBALDI	0.43333333333333335
2014-03-02 03:00:00	TIBALDI	0.13333333333333333
2014-03-02 04:00:00	TIBALDI	0.13333333333333333
2014-03-02 05:00:00	TIBALDI	0.7333333333333333
2014-03-02 06:00:00	TIBALDI	0.7666666666666667
2014-03-02 11:00:00	TIBALDI	0.26666666666666666
2014-03-02 12:00:00	TIBALDI	1.0
2014-03-02 13:00:00	TIBALDI	0.7666666666666667
2014-03-02 14:00:00	TIBALDI	1.2666666666666666
2014-03-02 15:00:00	TIBALDI	0.9
2014-03-02 16:00:00	TIBALDI	0.4666666666666667
2014-03-02 17:00:00	TIBALDI	0.8333333333333334
2014-03-02 18:00:00	TIBALDI	1.8
2014-03-02 19:00:00	TIBALDI	0.4
2014-03-02 20:00:00	TIBALDI	1.4666666666666666
2014-03-02 21:00:00	TIBALDI	3.0
2014-03-02 22:00:00	TIBALDI	1.7
2014-03-02 23:00:00	TIBALDI	1.9333333333333333
2014-02-24 00:00:00	TICINESE	3.6666666666666665
2014-02-24 01:00:00	TICINESE	1.4333333333333333
2014-02-24 02:00:00	TICINESE	2.433333333333333
2014-02-24 03:00:00	TICINESE	3.466666666666667
2014-02-24 04:00:00	TICINESE	6.0
2014-02-24 05:00:00	TICINESE	6.0
2014-02-24 06:00:00	TICINESE	5.633333333333334
2014-02-24 07:00:00	TICINESE	4.633333333333334
2014-02-24 08:00:00	TICINESE	1.9666666666666666
2014-02-24 09:00:00	TICINESE	2.2666666666666666
2014-02-24 10:00:00	TICINESE	1.9
2014-02-24 11:00:00	TICINESE	4.266666666666667
2014-02-24 12:00:00	TICINESE	9.766666666666667
2014-02-24 13:00:00	TICINESE	5.733333333333333
2014-02-24 14:00:00	TICINESE	4.933333333333334
2014-02-24 15:00:00	TICINESE	5.466666666666667
2014-02-24 16:00:00	TICINESE	5.566666666666666
2014-02-24 17:00:00	TICINESE	2.4
2014-02-24 18:00:00	TICINESE	1.0333333333333334
2014-02-24 19:00:00	TICINESE	1.0
2014-02-24 20:00:00	TICINESE	0.7333333333333333
2014-02-24 21:00:00	TICINESE	3.2333333333333334
2014-02-24 22:00:00	TICINESE	0.5666666666666667
2014-02-24 23:00:00	TICINESE	1.5
2014-02-25 00:00:00	TICINESE	0.9666666666666667
2014-02-25 01:00:00	TICINESE	0.1
2014-02-25 02:00:00	TICINESE	0.6333333333333333
2014-02-25 03:00:00	TICINESE	0.16666666666666666
2014-02-25 05:00:00	TICINESE	0.03333333333333333
2014-02-25 07:00:00	TICINESE	1.0666666666666667
2014-02-25 08:00:00	TICINESE	0.3333333333333333
2014-02-25 09:00:00	TICINESE	0.9333333333333333
2014-02-25 10:00:00	TICINESE	0.7666666666666667
2014-02-25 11:00:00	TICINESE	0.6666666666666666
2014-02-25 12:00:00	TICINESE	2.2
2014-02-25 13:00:00	TICINESE	1.7
2014-02-25 14:00:00	TICINESE	1.7333333333333334
2014-02-25 15:00:00	TICINESE	1.8
2014-02-25 16:00:00	TICINESE	0.9
2014-02-25 17:00:00	TICINESE	0.26666666666666666
2014-02-25 18:00:00	TICINESE	0.5666666666666667
2014-02-25 19:00:00	TICINESE	0.7666666666666667
2014-02-25 20:00:00	TICINESE	0.2
2014-02-25 21:00:00	TICINESE	1.5
2014-02-25 22:00:00	TICINESE	0.8333333333333334
2014-02-25 23:00:00	TICINESE	0.3333333333333333
2014-02-26 00:00:00	TICINESE	1.7333333333333334
2014-02-26 01:00:00	TICINESE	1.9
2014-02-26 02:00:00	TICINESE	3.2
2014-02-26 03:00:00	TICINESE	3.3
2014-02-26 04:00:00	TICINESE	5.833333333333333
2014-02-26 05:00:00	TICINESE	7.066666666666666
2014-02-26 06:00:00	TICINESE	5.0
2014-02-26 07:00:00	TICINESE	3.0
2014-02-26 08:00:00	TICINESE	1.3333333333333333
2014-02-26 09:00:00	TICINESE	0.5333333333333333
2014-02-26 10:00:00	TICINESE	1.8
2014-02-26 11:00:00	TICINESE	2.2666666666666666
2014-02-26 12:00:00	TICINESE	1.6
2014-02-26 13:00:00	TICINESE	1.9666666666666666
2014-02-26 14:00:00	TICINESE	0.9666666666666667
2014-02-26 15:00:00	TICINESE	1.8333333333333333
2014-02-26 16:00:00	TICINESE	0.06666666666666667
2014-02-26 17:00:00	TICINESE	1.3333333333333333
2014-02-26 18:00:00	TICINESE	2.9
2014-02-26 19:00:00	TICINESE	0.3333333333333333
2014-02-26 20:00:00	TICINESE	0.23333333333333334
2014-02-26 21:00:00	TICINESE	0.7333333333333333
2014-02-26 22:00:00	TICINESE	1.1666666666666667
2014-02-26 23:00:00	TICINESE	0.5333333333333333
2014-02-27 00:00:00	TICINESE	0.26666666666666666
2014-02-27 01:00:00	TICINESE	0.36666666666666664
2014-02-27 02:00:00	TICINESE	1.7666666666666666
2014-02-27 03:00:00	TICINESE	3.0
2014-02-27 04:00:00	TICINESE	4.733333333333333
2014-02-27 05:00:00	TICINESE	5.233333333333333
2014-02-27 06:00:00	TICINESE	4.433333333333334
2014-02-27 07:00:00	TICINESE	0.9666666666666667
2014-02-27 08:00:00	TICINESE	0.06666666666666667
2014-02-27 09:00:00	TICINESE	0.6
2014-02-27 10:00:00	TICINESE	3.066666666666667
2014-02-27 11:00:00	TICINESE	5.3
2014-02-27 12:00:00	TICINESE	10.4
2014-02-27 13:00:00	TICINESE	8.0
2014-02-27 14:00:00	TICINESE	1.9
2014-02-27 15:00:00	TICINESE	1.9666666666666666
2014-02-27 16:00:00	TICINESE	1.2
2014-02-27 17:00:00	TICINESE	1.6
2014-02-27 18:00:00	TICINESE	0.5666666666666667
2014-02-27 19:00:00	TICINESE	0.8333333333333334
2014-02-27 20:00:00	TICINESE	0.4666666666666667
2014-02-27 21:00:00	TICINESE	0.2
2014-02-27 22:00:00	TICINESE	1.6333333333333333
2014-02-27 23:00:00	TICINESE	0.7
2014-02-28 00:00:00	TICINESE	0.4
2014-02-28 01:00:00	TICINESE	1.0
2014-02-28 02:00:00	TICINESE	1.4
2014-02-28 03:00:00	TICINESE	0.03333333333333333
2014-02-28 04:00:00	TICINESE	1.0
2014-02-28 05:00:00	TICINESE	0.6666666666666666
2014-02-28 06:00:00	TICINESE	0.03333333333333333
2014-02-28 08:00:00	TICINESE	0.03333333333333333
2014-02-28 09:00:00	TICINESE	0.13333333333333333
2014-02-28 10:00:00	TICINESE	1.5
2014-02-28 11:00:00	TICINESE	1.3
2014-02-28 12:00:00	TICINESE	0.7666666666666667
2014-02-28 13:00:00	TICINESE	2.6333333333333333
2014-02-28 14:00:00	TICINESE	0.9666666666666667
2014-02-28 15:00:00	TICINESE	1.3666666666666667
2014-02-28 16:00:00	TICINESE	0.9666666666666667
2014-02-28 17:00:00	TICINESE	0.7
2014-02-28 18:00:00	TICINESE	0.6333333333333333
2014-02-28 19:00:00	TICINESE	0.5666666666666667
2014-02-28 20:00:00	TICINESE	0.5666666666666667
2014-02-28 21:00:00	TICINESE	0.7333333333333333
2014-02-28 22:00:00	TICINESE	0.7
2014-02-28 23:00:00	TICINESE	0.9333333333333333
2014-03-01 00:00:00	TICINESE	0.2
2014-03-01 01:00:00	TICINESE	0.26666666666666666
2014-03-01 02:00:00	TICINESE	0.23333333333333334
2014-03-01 03:00:00	TICINESE	0.7666666666666667
2014-03-01 04:00:00	TICINESE	1.2333333333333334
2014-03-01 05:00:00	TICINESE	4.6
2014-03-01 06:00:00	TICINESE	3.8333333333333335
2014-03-01 07:00:00	TICINESE	1.9
2014-03-01 08:00:00	TICINESE	0.36666666666666664
2014-03-01 09:00:00	TICINESE	1.4666666666666666
2014-03-01 10:00:00	TICINESE	1.0
2014-03-01 11:00:00	TICINESE	0.3
2014-03-01 12:00:00	TICINESE	0.8
2014-03-01 13:00:00	TICINESE	1.4666666666666666
2014-03-01 14:00:00	TICINESE	0.3
2014-03-01 15:00:00	TICINESE	0.43333333333333335
2014-03-01 16:00:00	TICINESE	0.43333333333333335
2014-03-01 17:00:00	TICINESE	1.2333333333333334
2014-03-01 18:00:00	TICINESE	3.3333333333333335
2014-03-01 19:00:00	TICINESE	1.1666666666666667
2014-03-01 20:00:00	TICINESE	0.5
2014-03-01 21:00:00	TICINESE	0.8
2014-03-01 22:00:00	TICINESE	1.6333333333333333
2014-03-01 23:00:00	TICINESE	2.1666666666666665
2014-03-02 00:00:00	TICINESE	0.4666666666666667
2014-03-02 01:00:00	TICINESE	0.3
2014-03-02 02:00:00	TICINESE	0.2
2014-03-02 03:00:00	TICINESE	0.6
2014-03-02 04:00:00	TICINESE	0.6
2014-03-02 05:00:00	TICINESE	1.9
2014-03-02 06:00:00	TICINESE	2.7666666666666666
2014-03-02 07:00:00	TICINESE	2.0
2014-03-02 08:00:00	TICINESE	2.7
2014-03-02 09:00:00	TICINESE	0.5666666666666667
2014-03-02 10:00:00	TICINESE	1.7333333333333334
2014-03-02 11:00:00	TICINESE	0.13333333333333333
2014-03-02 12:00:00	TICINESE	0.5333333333333333
2014-03-02 13:00:00	TICINESE	0.26666666666666666
2014-03-02 14:00:00	TICINESE	1.4
2014-03-02 15:00:00	TICINESE	1.1
2014-03-02 16:00:00	TICINESE	0.7
2014-03-02 17:00:00	TICINESE	0.43333333333333335
2014-03-02 18:00:00	TICINESE	0.5333333333333333
2014-03-02 19:00:00	TICINESE	0.9666666666666667
2014-03-02 20:00:00	TICINESE	4.3
2014-03-02 21:00:00	TICINESE	4.133333333333334
2014-03-02 22:00:00	TICINESE	1.0666666666666667
2014-03-02 23:00:00	TICINESE	1.4666666666666666
2014-02-24 00:00:00	TORTONA	0.36666666666666664
2014-02-24 01:00:00	TORTONA	0.5666666666666667
2014-02-24 07:00:00	TORTONA	1.0666666666666667
2014-02-24 08:00:00	TORTONA	0.6666666666666666
2014-02-24 09:00:00	TORTONA	2.566666666666667
2014-02-24 10:00:00	TORTONA	3.8333333333333335
2014-02-24 11:00:00	TORTONA	2.3
2014-02-24 12:00:00	TORTONA	2.066666666666667
2014-02-24 13:00:00	TORTONA	2.1333333333333333
2014-02-24 15:00:00	TORTONA	0.3
2014-02-24 17:00:00	TORTONA	0.23333333333333334
2014-02-24 18:00:00	TORTONA	0.13333333333333333
2014-02-24 19:00:00	TORTONA	0.6666666666666666
2014-02-24 20:00:00	TORTONA	0.43333333333333335
2014-02-24 21:00:00	TORTONA	1.3666666666666667
2014-02-24 22:00:00	TORTONA	0.03333333333333333
2014-02-24 23:00:00	TORTONA	0.13333333333333333
2014-02-25 00:00:00	TORTONA	0.4666666666666667
2014-02-25 01:00:00	TORTONA	0.7
2014-02-25 02:00:00	TORTONA	0.16666666666666666
2014-02-25 07:00:00	TORTONA	0.13333333333333333
2014-02-25 08:00:00	TORTONA	0.5
2014-02-25 09:00:00	TORTONA	1.8666666666666667
2014-02-25 10:00:00	TORTONA	1.7333333333333334
2014-02-25 11:00:00	TORTONA	0.9333333333333333
2014-02-25 12:00:00	TORTONA	4.233333333333333
2014-02-25 13:00:00	TORTONA	6.3
2014-02-25 14:00:00	TORTONA	2.8
2014-02-25 15:00:00	TORTONA	1.2666666666666666
2014-02-25 16:00:00	TORTONA	0.26666666666666666
2014-02-25 17:00:00	TORTONA	0.8666666666666667
2014-02-25 18:00:00	TORTONA	0.06666666666666667
2014-02-25 19:00:00	TORTONA	1.0333333333333334
2014-02-25 20:00:00	TORTONA	0.23333333333333334
2014-02-25 21:00:00	TORTONA	2.1
2014-02-25 22:00:00	TORTONA	1.6
2014-02-25 23:00:00	TORTONA	1.4
2014-02-26 00:00:00	TORTONA	2.6333333333333333
2014-02-26 01:00:00	TORTONA	4.1
2014-02-26 02:00:00	TORTONA	2.0
2014-02-26 03:00:00	TORTONA	1.2
2014-02-26 04:00:00	TORTONA	1.0
2014-02-26 05:00:00	TORTONA	1.0
2014-02-26 06:00:00	TORTONA	1.8
2014-02-26 07:00:00	TORTONA	0.8333333333333334
2014-02-26 08:00:00	TORTONA	0.06666666666666667
2014-02-26 09:00:00	TORTONA	3.5
2014-02-26 10:00:00	TORTONA	3.6333333333333333
2014-02-26 11:00:00	TORTONA	2.1666666666666665
2014-02-26 12:00:00	TORTONA	0.3
2014-02-26 13:00:00	TORTONA	2.6666666666666665
2014-02-26 14:00:00	TORTONA	4.8
2014-02-26 15:00:00	TORTONA	4.866666666666666
2014-02-26 16:00:00	TORTONA	1.5333333333333334
2014-02-26 17:00:00	TORTONA	2.8333333333333335
2014-02-26 18:00:00	TORTONA	0.3333333333333333
2014-02-26 19:00:00	TORTONA	0.7
2014-02-26 20:00:00	TORTONA	0.26666666666666666
2014-02-26 21:00:00	TORTONA	1.4
2014-02-26 22:00:00	TORTONA	1.2
2014-02-26 23:00:00	TORTONA	1.2
2014-02-27 00:00:00	TORTONA	0.16666666666666666
2014-02-27 01:00:00	TORTONA	1.5333333333333334
2014-02-27 02:00:00	TORTONA	2.0
2014-02-27 03:00:00	TORTONA	2.2666666666666666
2014-02-27 04:00:00	TORTONA	1.4333333333333333
2014-02-27 05:00:00	TORTONA	2.1
2014-02-27 06:00:00	TORTONA	2.466666666666667
2014-02-27 07:00:00	TORTONA	1.6
2014-02-27 08:00:00	TORTONA	0.8333333333333334
2014-02-27 09:00:00	TORTONA	0.6
2014-02-27 10:00:00	TORTONA	1.4666666666666666
2014-02-27 11:00:00	TORTONA	1.4333333333333333
2014-02-27 12:00:00	TORTONA	0.2
2014-02-27 13:00:00	TORTONA	1.2
2014-02-27 14:00:00	TORTONA	0.16666666666666666
2014-02-27 15:00:00	TORTONA	0.23333333333333334
2014-02-27 16:00:00	TORTONA	0.13333333333333333
2014-02-27 17:00:00	TORTONA	1.3
2014-02-27 18:00:00	TORTONA	0.43333333333333335
2014-02-27 19:00:00	TORTONA	1.6
2014-02-27 20:00:00	TORTONA	1.6333333333333333
2014-02-27 21:00:00	TORTONA	1.3333333333333333
2014-02-27 22:00:00	TORTONA	0.5333333333333333
2014-02-27 23:00:00	TORTONA	0.3
2014-02-28 00:00:00	TORTONA	0.23333333333333334
2014-02-28 07:00:00	TORTONA	0.06666666666666667
2014-02-28 08:00:00	TORTONA	0.13333333333333333
2014-02-28 09:00:00	TORTONA	0.7666666666666667
2014-02-28 10:00:00	TORTONA	0.9
2014-02-28 11:00:00	TORTONA	0.13333333333333333
2014-02-28 12:00:00	TORTONA	0.4
2014-02-28 13:00:00	TORTONA	0.7333333333333333
2014-02-28 14:00:00	TORTONA	0.36666666666666664
2014-02-28 16:00:00	TORTONA	1.0333333333333334
2014-02-28 17:00:00	TORTONA	0.5333333333333333
2014-02-28 18:00:00	TORTONA	0.3
2014-02-28 19:00:00	TORTONA	0.7333333333333333
2014-02-28 20:00:00	TORTONA	0.2
2014-02-28 21:00:00	TORTONA	0.3
2014-02-28 22:00:00	TORTONA	0.4666666666666667
2014-02-28 23:00:00	TORTONA	1.0666666666666667
2014-03-01 00:00:00	TORTONA	0.6
2014-03-01 01:00:00	TORTONA	0.4666666666666667
2014-03-01 02:00:00	TORTONA	0.23333333333333334
2014-03-01 03:00:00	TORTONA	0.06666666666666667
2014-03-01 04:00:00	TORTONA	0.5666666666666667
2014-03-01 05:00:00	TORTONA	1.9666666666666666
2014-03-01 06:00:00	TORTONA	2.0
2014-03-01 07:00:00	TORTONA	2.0
2014-03-01 08:00:00	TORTONA	1.0333333333333334
2014-03-01 09:00:00	TORTONA	0.4
2014-03-01 10:00:00	TORTONA	0.8
2014-03-01 11:00:00	TORTONA	1.3
2014-03-01 12:00:00	TORTONA	0.03333333333333333
2014-03-01 13:00:00	TORTONA	0.6333333333333333
2014-03-01 14:00:00	TORTONA	1.0
2014-03-01 15:00:00	TORTONA	0.2
2014-03-01 16:00:00	TORTONA	0.2
2014-03-01 17:00:00	TORTONA	0.8333333333333334
2014-03-01 18:00:00	TORTONA	0.3333333333333333
2014-03-01 19:00:00	TORTONA	0.5
2014-03-01 20:00:00	TORTONA	0.43333333333333335
2014-03-01 21:00:00	TORTONA	2.533333333333333
2014-03-01 22:00:00	TORTONA	6.966666666666667
2014-03-01 23:00:00	TORTONA	2.933333333333333
2014-03-02 00:00:00	TORTONA	1.5666666666666667
2014-03-02 01:00:00	TORTONA	1.0666666666666667
2014-03-02 02:00:00	TORTONA	0.03333333333333333
2014-03-02 03:00:00	TORTONA	0.2
2014-03-02 04:00:00	TORTONA	0.8666666666666667
2014-03-02 05:00:00	TORTONA	0.6666666666666666
2014-03-02 06:00:00	TORTONA	0.9666666666666667
2014-03-02 07:00:00	TORTONA	0.6333333333333333
2014-03-02 08:00:00	TORTONA	0.5333333333333333
2014-03-02 09:00:00	TORTONA	0.6666666666666666
2014-03-02 10:00:00	TORTONA	0.03333333333333333
2014-03-02 11:00:00	TORTONA	0.5
2014-03-02 12:00:00	TORTONA	0.2
2014-03-02 13:00:00	TORTONA	0.7
2014-03-02 14:00:00	TORTONA	1.8
2014-03-02 15:00:00	TORTONA	0.06666666666666667
2014-03-02 16:00:00	TORTONA	0.5
2014-03-02 17:00:00	TORTONA	0.6333333333333333
2014-03-02 18:00:00	TORTONA	0.8333333333333334
2014-03-02 19:00:00	TORTONA	1.9666666666666666
2014-03-02 20:00:00	TORTONA	1.6333333333333333
2014-03-02 21:00:00	TORTONA	4.866666666666666
2014-03-02 22:00:00	TORTONA	4.7
2014-03-02 23:00:00	TORTONA	1.9
2014-02-24 00:00:00	TRE TORRI	1.0
2014-02-24 01:00:00	TRE TORRI	1.0
2014-02-24 02:00:00	TRE TORRI	1.0
2014-02-24 03:00:00	TRE TORRI	1.0
2014-02-24 04:00:00	TRE TORRI	1.0
2014-02-24 05:00:00	TRE TORRI	1.0
2014-02-24 06:00:00	TRE TORRI	1.0
2014-02-24 07:00:00	TRE TORRI	1.0
2014-02-24 08:00:00	TRE TORRI	0.23333333333333334
2014-02-24 11:00:00	TRE TORRI	0.5666666666666667
2014-02-24 12:00:00	TRE TORRI	1.0
2014-02-24 13:00:00	TRE TORRI	1.1333333333333333
2014-02-24 14:00:00	TRE TORRI	1.0333333333333334
2014-02-24 15:00:00	TRE TORRI	0.4
2014-02-24 16:00:00	TRE TORRI	1.0
2014-02-24 17:00:00	TRE TORRI	0.7666666666666667
2014-02-24 18:00:00	TRE TORRI	0.3333333333333333
2014-02-24 23:00:00	TRE TORRI	0.43333333333333335
2014-02-25 00:00:00	TRE TORRI	0.8666666666666667
2014-02-25 17:00:00	TRE TORRI	0.5
2014-02-25 20:00:00	TRE TORRI	0.06666666666666667
2014-02-26 00:00:00	TRE TORRI	0.6
2014-02-26 01:00:00	TRE TORRI	1.3
2014-02-26 02:00:00	TRE TORRI	2.533333333333333
2014-02-26 03:00:00	TRE TORRI	2.8
2014-02-26 04:00:00	TRE TORRI	2.0
2014-02-26 05:00:00	TRE TORRI	2.0
2014-02-26 06:00:00	TRE TORRI	2.0
2014-02-26 07:00:00	TRE TORRI	2.466666666666667
2014-02-26 08:00:00	TRE TORRI	0.3
2014-02-26 12:00:00	TRE TORRI	0.06666666666666667
2014-02-26 14:00:00	TRE TORRI	0.5666666666666667
2014-02-26 15:00:00	TRE TORRI	0.26666666666666666
2014-02-26 16:00:00	TRE TORRI	0.6333333333333333
2014-02-26 18:00:00	TRE TORRI	0.43333333333333335
2014-02-26 19:00:00	TRE TORRI	0.3333333333333333
2014-02-26 20:00:00	TRE TORRI	0.1
2014-02-26 21:00:00	TRE TORRI	0.7333333333333333
2014-02-26 22:00:00	TRE TORRI	0.4666666666666667
2014-02-26 23:00:00	TRE TORRI	0.16666666666666666
2014-02-27 00:00:00	TRE TORRI	1.0
2014-02-27 01:00:00	TRE TORRI	2.0
2014-02-27 02:00:00	TRE TORRI	2.0
2014-02-27 03:00:00	TRE TORRI	1.5
2014-02-27 04:00:00	TRE TORRI	1.0
2014-02-27 05:00:00	TRE TORRI	1.0
2014-02-27 06:00:00	TRE TORRI	1.0
2014-02-27 07:00:00	TRE TORRI	0.9
2014-02-27 09:00:00	TRE TORRI	0.1
2014-02-27 10:00:00	TRE TORRI	0.13333333333333333
2014-02-27 12:00:00	TRE TORRI	0.36666666666666664
2014-02-27 14:00:00	TRE TORRI	1.3666666666666667
2014-02-27 15:00:00	TRE TORRI	1.7666666666666666
2014-02-27 16:00:00	TRE TORRI	1.0
2014-02-27 17:00:00	TRE TORRI	0.8
2014-02-27 18:00:00	TRE TORRI	0.13333333333333333
2014-02-27 19:00:00	TRE TORRI	0.06666666666666667
2014-02-27 21:00:00	TRE TORRI	0.03333333333333333
2014-02-27 22:00:00	TRE TORRI	0.9333333333333333
2014-02-27 23:00:00	TRE TORRI	0.6666666666666666
2014-02-28 00:00:00	TRE TORRI	0.9333333333333333
2014-02-28 01:00:00	TRE TORRI	0.9666666666666667
2014-02-28 02:00:00	TRE TORRI	1.0
2014-02-28 03:00:00	TRE TORRI	2.0
2014-02-28 04:00:00	TRE TORRI	1.2333333333333334
2014-02-28 05:00:00	TRE TORRI	1.0
2014-02-28 06:00:00	TRE TORRI	1.0
2014-02-28 07:00:00	TRE TORRI	1.5333333333333334
2014-02-28 08:00:00	TRE TORRI	0.06666666666666667
2014-02-28 11:00:00	TRE TORRI	0.4666666666666667
2014-02-28 13:00:00	TRE TORRI	0.3
2014-02-28 14:00:00	TRE TORRI	0.4666666666666667
2014-02-28 16:00:00	TRE TORRI	0.13333333333333333
2014-02-28 17:00:00	TRE TORRI	0.8666666666666667
2014-02-28 18:00:00	TRE TORRI	0.4
2014-02-28 20:00:00	TRE TORRI	0.03333333333333333
2014-02-28 23:00:00	TRE TORRI	0.8333333333333334
2014-03-01 00:00:00	TRE TORRI	0.23333333333333334
2014-03-01 02:00:00	TRE TORRI	0.16666666666666666
2014-03-01 03:00:00	TRE TORRI	0.5
2014-03-01 04:00:00	TRE TORRI	1.7666666666666666
2014-03-01 05:00:00	TRE TORRI	2.0
2014-03-01 06:00:00	TRE TORRI	2.0
2014-03-01 07:00:00	TRE TORRI	2.0
2014-03-01 08:00:00	TRE TORRI	1.7666666666666666
2014-03-01 09:00:00	TRE TORRI	1.0
2014-03-01 10:00:00	TRE TORRI	1.0
2014-03-01 11:00:00	TRE TORRI	0.43333333333333335
2014-03-01 17:00:00	TRE TORRI	0.8666666666666667
2014-03-01 18:00:00	TRE TORRI	1.0
2014-03-01 19:00:00	TRE TORRI	0.5666666666666667
2014-03-02 05:00:00	TRE TORRI	0.16666666666666666
2014-03-02 06:00:00	TRE TORRI	1.0
2014-03-02 07:00:00	TRE TORRI	1.0
2014-03-02 08:00:00	TRE TORRI	0.9333333333333333
2014-03-02 09:00:00	TRE TORRI	1.0
2014-03-02 10:00:00	TRE TORRI	1.0
2014-03-02 11:00:00	TRE TORRI	0.13333333333333333
2014-03-02 13:00:00	TRE TORRI	0.8333333333333334
2014-03-02 14:00:00	TRE TORRI	0.9666666666666667
2014-03-02 19:00:00	TRE TORRI	0.36666666666666664
2014-03-02 21:00:00	TRE TORRI	0.4666666666666667
2014-03-02 22:00:00	TRE TORRI	0.1
2014-02-24 00:00:00	TRENNO	1.0
2014-02-24 01:00:00	TRENNO	1.0
2014-02-24 02:00:00	TRENNO	1.0
2014-02-24 03:00:00	TRENNO	1.0
2014-02-24 04:00:00	TRENNO	1.0
2014-02-24 05:00:00	TRENNO	1.0
2014-02-24 06:00:00	TRENNO	1.0
2014-02-24 07:00:00	TRENNO	1.0
2014-02-24 08:00:00	TRENNO	1.0
2014-02-24 09:00:00	TRENNO	1.0
2014-02-24 10:00:00	TRENNO	1.0
2014-02-24 11:00:00	TRENNO	1.0
2014-02-24 12:00:00	TRENNO	1.0
2014-02-24 13:00:00	TRENNO	1.0
2014-02-24 14:00:00	TRENNO	1.0
2014-02-24 15:00:00	TRENNO	1.0
2014-02-24 16:00:00	TRENNO	1.0
2014-02-24 17:00:00	TRENNO	1.0
2014-02-24 18:00:00	TRENNO	0.9
2014-02-24 19:00:00	TRENNO	1.0
2014-02-24 20:00:00	TRENNO	1.0
2014-02-24 21:00:00	TRENNO	1.0
2014-02-24 22:00:00	TRENNO	0.8
2014-02-24 23:00:00	TRENNO	1.6
2014-02-25 00:00:00	TRENNO	2.0
2014-02-25 01:00:00	TRENNO	2.0
2014-02-25 02:00:00	TRENNO	1.9333333333333333
2014-02-25 03:00:00	TRENNO	2.0
2014-02-25 04:00:00	TRENNO	2.0
2014-02-25 05:00:00	TRENNO	2.8333333333333335
2014-02-25 06:00:00	TRENNO	3.0
2014-02-25 07:00:00	TRENNO	3.0
2014-02-25 08:00:00	TRENNO	3.0
2014-02-25 09:00:00	TRENNO	3.0
2014-02-25 10:00:00	TRENNO	3.3666666666666667
2014-02-25 11:00:00	TRENNO	3.966666666666667
2014-02-25 12:00:00	TRENNO	3.0
2014-02-25 13:00:00	TRENNO	3.0
2014-02-25 14:00:00	TRENNO	3.0
2014-02-25 15:00:00	TRENNO	3.0
2014-02-25 16:00:00	TRENNO	3.0
2014-02-25 17:00:00	TRENNO	3.0
2014-02-25 18:00:00	TRENNO	3.0
2014-02-25 19:00:00	TRENNO	3.0
2014-02-25 20:00:00	TRENNO	3.6333333333333333
2014-02-25 21:00:00	TRENNO	3.8
2014-02-25 22:00:00	TRENNO	2.7666666666666666
2014-02-25 23:00:00	TRENNO	2.0
2014-02-26 00:00:00	TRENNO	2.0
2014-02-26 01:00:00	TRENNO	2.0
2014-02-26 02:00:00	TRENNO	2.0
2014-02-26 03:00:00	TRENNO	2.0
2014-02-26 04:00:00	TRENNO	2.0
2014-02-26 05:00:00	TRENNO	2.0
2014-02-26 06:00:00	TRENNO	2.0
2014-02-26 07:00:00	TRENNO	2.0
2014-02-26 08:00:00	TRENNO	1.8333333333333333
2014-02-26 09:00:00	TRENNO	1.2666666666666666
2014-02-26 10:00:00	TRENNO	2.0
2014-02-26 11:00:00	TRENNO	2.0
2014-02-26 12:00:00	TRENNO	2.0
2014-02-26 13:00:00	TRENNO	2.0
2014-02-26 14:00:00	TRENNO	2.1
2014-02-26 15:00:00	TRENNO	2.466666666666667
2014-02-26 16:00:00	TRENNO	2.0
2014-02-26 17:00:00	TRENNO	2.0
2014-02-26 18:00:00	TRENNO	1.9333333333333333
2014-02-26 19:00:00	TRENNO	2.0
2014-02-26 20:00:00	TRENNO	3.2666666666666666
2014-02-26 21:00:00	TRENNO	3.033333333333333
2014-02-26 22:00:00	TRENNO	3.0
2014-02-26 23:00:00	TRENNO	2.3333333333333335
2014-02-27 00:00:00	TRENNO	2.0
2014-02-27 01:00:00	TRENNO	1.2333333333333334
2014-02-27 02:00:00	TRENNO	1.0
2014-02-27 03:00:00	TRENNO	1.0
2014-02-27 04:00:00	TRENNO	1.0
2014-02-27 05:00:00	TRENNO	1.0
2014-02-27 06:00:00	TRENNO	1.0
2014-02-27 07:00:00	TRENNO	1.0
2014-02-27 08:00:00	TRENNO	1.0
2014-02-27 09:00:00	TRENNO	1.0
2014-02-27 10:00:00	TRENNO	1.6333333333333333
2014-02-27 11:00:00	TRENNO	2.0
2014-02-27 12:00:00	TRENNO	2.0
2014-02-27 13:00:00	TRENNO	2.0
2014-02-27 14:00:00	TRENNO	2.1666666666666665
2014-02-27 15:00:00	TRENNO	3.0
2014-02-27 16:00:00	TRENNO	2.7333333333333334
2014-02-27 17:00:00	TRENNO	2.0
2014-02-27 18:00:00	TRENNO	2.8
2014-02-27 19:00:00	TRENNO	3.2
2014-02-27 20:00:00	TRENNO	4.166666666666667
2014-02-27 21:00:00	TRENNO	5.0
2014-02-27 22:00:00	TRENNO	4.666666666666667
2014-02-27 23:00:00	TRENNO	5.0
2014-02-28 00:00:00	TRENNO	5.066666666666666
2014-02-28 01:00:00	TRENNO	5.8
2014-02-28 02:00:00	TRENNO	6.0
2014-02-28 03:00:00	TRENNO	6.0
2014-02-28 04:00:00	TRENNO	6.0
2014-02-28 05:00:00	TRENNO	6.0
2014-02-28 06:00:00	TRENNO	6.0
2014-02-28 07:00:00	TRENNO	5.633333333333334
2014-02-28 08:00:00	TRENNO	4.8
2014-02-28 09:00:00	TRENNO	4.0
2014-02-28 10:00:00	TRENNO	3.7333333333333334
2014-02-28 11:00:00	TRENNO	3.466666666666667
2014-02-28 12:00:00	TRENNO	4.0
2014-02-28 13:00:00	TRENNO	4.0
2014-02-28 14:00:00	TRENNO	3.966666666666667
2014-02-28 15:00:00	TRENNO	4.866666666666666
2014-02-28 16:00:00	TRENNO	5.0
2014-02-28 17:00:00	TRENNO	5.0
2014-02-28 18:00:00	TRENNO	5.0
2014-02-28 19:00:00	TRENNO	5.0
2014-02-28 20:00:00	TRENNO	5.0
2014-02-28 21:00:00	TRENNO	5.0
2014-02-28 22:00:00	TRENNO	5.0
2014-02-28 23:00:00	TRENNO	5.0
2014-03-01 00:00:00	TRENNO	5.0
2014-03-01 01:00:00	TRENNO	5.0
2014-03-01 02:00:00	TRENNO	3.8333333333333335
2014-03-01 03:00:00	TRENNO	3.8
2014-03-01 04:00:00	TRENNO	4.0
2014-03-01 05:00:00	TRENNO	4.0
2014-03-01 06:00:00	TRENNO	4.0
2014-03-01 07:00:00	TRENNO	4.0
2014-03-01 08:00:00	TRENNO	4.0
2014-03-01 09:00:00	TRENNO	4.0
2014-03-01 10:00:00	TRENNO	4.0
2014-03-01 11:00:00	TRENNO	3.7333333333333334
2014-03-01 12:00:00	TRENNO	3.066666666666667
2014-03-01 13:00:00	TRENNO	4.0
2014-03-01 14:00:00	TRENNO	3.2666666666666666
2014-03-01 15:00:00	TRENNO	3.0
2014-03-01 16:00:00	TRENNO	3.0
2014-03-01 17:00:00	TRENNO	3.066666666666667
2014-03-01 18:00:00	TRENNO	3.066666666666667
2014-03-01 19:00:00	TRENNO	3.033333333333333
2014-03-01 20:00:00	TRENNO	6.1
2014-03-01 21:00:00	TRENNO	6.833333333333333
2014-03-01 22:00:00	TRENNO	6.0
2014-03-01 23:00:00	TRENNO	6.0
2014-03-02 00:00:00	TRENNO	5.2
2014-03-02 01:00:00	TRENNO	5.0
2014-03-02 02:00:00	TRENNO	4.833333333333333
2014-03-02 03:00:00	TRENNO	5.9
2014-03-02 04:00:00	TRENNO	6.0
2014-03-02 05:00:00	TRENNO	5.2
2014-03-02 06:00:00	TRENNO	6.0
2014-03-02 07:00:00	TRENNO	6.0
2014-03-02 08:00:00	TRENNO	6.0
2014-03-02 09:00:00	TRENNO	5.9
2014-03-02 10:00:00	TRENNO	5.0
2014-03-02 11:00:00	TRENNO	5.0
2014-03-02 12:00:00	TRENNO	5.0
2014-03-02 13:00:00	TRENNO	4.866666666666666
2014-03-02 14:00:00	TRENNO	4.0
2014-03-02 15:00:00	TRENNO	4.0
2014-03-02 16:00:00	TRENNO	3.9
2014-03-02 17:00:00	TRENNO	4.0
2014-03-02 18:00:00	TRENNO	4.0
2014-03-02 19:00:00	TRENNO	4.0
2014-03-02 20:00:00	TRENNO	4.0
2014-03-02 21:00:00	TRENNO	4.0
2014-03-02 22:00:00	TRENNO	4.0
2014-03-02 23:00:00	TRENNO	4.0
2014-02-24 00:00:00	TRIULZO SUPERIORE	2.0
2014-02-24 01:00:00	TRIULZO SUPERIORE	2.0
2014-02-24 02:00:00	TRIULZO SUPERIORE	2.0
2014-02-24 03:00:00	TRIULZO SUPERIORE	2.0
2014-02-24 04:00:00	TRIULZO SUPERIORE	2.0
2014-02-24 05:00:00	TRIULZO SUPERIORE	2.0
2014-02-24 06:00:00	TRIULZO SUPERIORE	2.0
2014-02-24 07:00:00	TRIULZO SUPERIORE	2.0
2014-02-24 08:00:00	TRIULZO SUPERIORE	2.3333333333333335
2014-02-24 09:00:00	TRIULZO SUPERIORE	2.0
2014-02-24 10:00:00	TRIULZO SUPERIORE	1.8333333333333333
2014-02-24 11:00:00	TRIULZO SUPERIORE	1.0
2014-02-24 12:00:00	TRIULZO SUPERIORE	1.0
2014-02-24 13:00:00	TRIULZO SUPERIORE	1.0
2014-02-24 14:00:00	TRIULZO SUPERIORE	1.0
2014-02-24 15:00:00	TRIULZO SUPERIORE	1.0
2014-02-24 16:00:00	TRIULZO SUPERIORE	1.0
2014-02-24 17:00:00	TRIULZO SUPERIORE	1.0
2014-02-24 18:00:00	TRIULZO SUPERIORE	0.9
2014-02-24 19:00:00	TRIULZO SUPERIORE	0.6
2014-02-24 20:00:00	TRIULZO SUPERIORE	0.03333333333333333
2014-02-24 23:00:00	TRIULZO SUPERIORE	1.0333333333333334
2014-02-25 00:00:00	TRIULZO SUPERIORE	2.0
2014-02-25 01:00:00	TRIULZO SUPERIORE	2.0
2014-02-25 02:00:00	TRIULZO SUPERIORE	1.9333333333333333
2014-02-25 03:00:00	TRIULZO SUPERIORE	2.0
2014-02-25 04:00:00	TRIULZO SUPERIORE	2.0
2014-02-25 05:00:00	TRIULZO SUPERIORE	1.9333333333333333
2014-02-25 06:00:00	TRIULZO SUPERIORE	2.0
2014-02-25 07:00:00	TRIULZO SUPERIORE	1.8666666666666667
2014-02-25 08:00:00	TRIULZO SUPERIORE	1.1
2014-02-25 09:00:00	TRIULZO SUPERIORE	2.566666666666667
2014-02-25 10:00:00	TRIULZO SUPERIORE	3.0
2014-02-25 11:00:00	TRIULZO SUPERIORE	3.0
2014-02-25 12:00:00	TRIULZO SUPERIORE	2.066666666666667
2014-02-25 13:00:00	TRIULZO SUPERIORE	2.0
2014-02-25 14:00:00	TRIULZO SUPERIORE	2.0
2014-02-25 15:00:00	TRIULZO SUPERIORE	2.0
2014-02-25 16:00:00	TRIULZO SUPERIORE	2.0
2014-02-25 17:00:00	TRIULZO SUPERIORE	1.9666666666666666
2014-02-25 18:00:00	TRIULZO SUPERIORE	1.6333333333333333
2014-02-25 19:00:00	TRIULZO SUPERIORE	0.7333333333333333
2014-02-26 08:00:00	TRIULZO SUPERIORE	0.06666666666666667
2014-02-26 09:00:00	TRIULZO SUPERIORE	1.6333333333333333
2014-02-26 10:00:00	TRIULZO SUPERIORE	2.0
2014-02-26 11:00:00	TRIULZO SUPERIORE	2.0
2014-02-26 12:00:00	TRIULZO SUPERIORE	2.0
2014-02-26 13:00:00	TRIULZO SUPERIORE	2.0
2014-02-26 14:00:00	TRIULZO SUPERIORE	2.0
2014-02-26 15:00:00	TRIULZO SUPERIORE	2.0
2014-02-26 16:00:00	TRIULZO SUPERIORE	2.0
2014-02-26 17:00:00	TRIULZO SUPERIORE	1.3666666666666667
2014-02-26 19:00:00	TRIULZO SUPERIORE	0.13333333333333333
2014-02-26 23:00:00	TRIULZO SUPERIORE	0.6666666666666666
2014-02-27 09:00:00	TRIULZO SUPERIORE	1.4333333333333333
2014-02-27 10:00:00	TRIULZO SUPERIORE	2.0
2014-02-27 11:00:00	TRIULZO SUPERIORE	2.0
2014-02-27 12:00:00	TRIULZO SUPERIORE	2.0
2014-02-27 13:00:00	TRIULZO SUPERIORE	2.0
2014-02-27 14:00:00	TRIULZO SUPERIORE	1.4666666666666666
2014-02-27 15:00:00	TRIULZO SUPERIORE	2.2333333333333334
2014-02-27 16:00:00	TRIULZO SUPERIORE	3.0
2014-02-27 17:00:00	TRIULZO SUPERIORE	1.0333333333333334
2014-02-27 18:00:00	TRIULZO SUPERIORE	0.03333333333333333
2014-02-27 21:00:00	TRIULZO SUPERIORE	1.0
2014-02-27 22:00:00	TRIULZO SUPERIORE	1.8666666666666667
2014-02-27 23:00:00	TRIULZO SUPERIORE	2.0
2014-02-28 00:00:00	TRIULZO SUPERIORE	2.0
2014-02-28 01:00:00	TRIULZO SUPERIORE	1.9333333333333333
2014-02-28 02:00:00	TRIULZO SUPERIORE	2.0
2014-02-28 03:00:00	TRIULZO SUPERIORE	2.0
2014-02-28 04:00:00	TRIULZO SUPERIORE	2.0
2014-02-28 05:00:00	TRIULZO SUPERIORE	2.566666666666667
2014-02-28 06:00:00	TRIULZO SUPERIORE	3.0
2014-02-28 07:00:00	TRIULZO SUPERIORE	3.0
2014-02-28 08:00:00	TRIULZO SUPERIORE	3.0
2014-02-28 09:00:00	TRIULZO SUPERIORE	2.8333333333333335
2014-02-28 10:00:00	TRIULZO SUPERIORE	2.7333333333333334
2014-02-28 11:00:00	TRIULZO SUPERIORE	2.6
2014-02-28 12:00:00	TRIULZO SUPERIORE	3.0
2014-02-28 13:00:00	TRIULZO SUPERIORE	3.0
2014-02-28 14:00:00	TRIULZO SUPERIORE	3.0
2014-02-28 15:00:00	TRIULZO SUPERIORE	3.0
2014-02-28 16:00:00	TRIULZO SUPERIORE	3.0
2014-02-28 17:00:00	TRIULZO SUPERIORE	2.7666666666666666
2014-02-28 18:00:00	TRIULZO SUPERIORE	2.0
2014-02-28 19:00:00	TRIULZO SUPERIORE	2.0
2014-02-28 20:00:00	TRIULZO SUPERIORE	1.4666666666666666
2014-02-28 21:00:00	TRIULZO SUPERIORE	1.0
2014-02-28 22:00:00	TRIULZO SUPERIORE	1.0666666666666667
2014-02-28 23:00:00	TRIULZO SUPERIORE	1.0
2014-03-01 00:00:00	TRIULZO SUPERIORE	1.0
2014-03-01 01:00:00	TRIULZO SUPERIORE	1.0
2014-03-01 02:00:00	TRIULZO SUPERIORE	1.1
2014-03-01 03:00:00	TRIULZO SUPERIORE	1.7333333333333334
2014-03-01 04:00:00	TRIULZO SUPERIORE	2.0
2014-03-01 05:00:00	TRIULZO SUPERIORE	2.0
2014-03-01 06:00:00	TRIULZO SUPERIORE	2.0
2014-03-01 07:00:00	TRIULZO SUPERIORE	2.0
2014-03-01 08:00:00	TRIULZO SUPERIORE	1.4333333333333333
2014-03-01 09:00:00	TRIULZO SUPERIORE	1.7
2014-03-01 10:00:00	TRIULZO SUPERIORE	1.8
2014-03-01 11:00:00	TRIULZO SUPERIORE	1.0
2014-03-01 12:00:00	TRIULZO SUPERIORE	0.13333333333333333
2014-03-01 14:00:00	TRIULZO SUPERIORE	0.4666666666666667
2014-03-01 15:00:00	TRIULZO SUPERIORE	0.5333333333333333
2014-03-01 16:00:00	TRIULZO SUPERIORE	0.6666666666666666
2014-03-01 19:00:00	TRIULZO SUPERIORE	0.9333333333333333
2014-03-01 20:00:00	TRIULZO SUPERIORE	1.0
2014-03-01 21:00:00	TRIULZO SUPERIORE	1.0
2014-03-01 22:00:00	TRIULZO SUPERIORE	1.0
2014-03-01 23:00:00	TRIULZO SUPERIORE	1.0
2014-03-02 00:00:00	TRIULZO SUPERIORE	1.0
2014-03-02 01:00:00	TRIULZO SUPERIORE	1.0
2014-03-02 02:00:00	TRIULZO SUPERIORE	0.9666666666666667
2014-03-02 03:00:00	TRIULZO SUPERIORE	0.8666666666666667
2014-03-02 12:00:00	TRIULZO SUPERIORE	0.4666666666666667
2014-03-02 13:00:00	TRIULZO SUPERIORE	1.0
2014-03-02 14:00:00	TRIULZO SUPERIORE	1.2
2014-03-02 15:00:00	TRIULZO SUPERIORE	2.0
2014-03-02 16:00:00	TRIULZO SUPERIORE	2.0
2014-03-02 17:00:00	TRIULZO SUPERIORE	2.0
2014-03-02 18:00:00	TRIULZO SUPERIORE	2.0
2014-03-02 19:00:00	TRIULZO SUPERIORE	2.0
2014-03-02 20:00:00	TRIULZO SUPERIORE	2.0
2014-03-02 21:00:00	TRIULZO SUPERIORE	1.5666666666666667
2014-03-02 22:00:00	TRIULZO SUPERIORE	3.0
2014-03-02 23:00:00	TRIULZO SUPERIORE	3.0
2014-02-24 00:00:00	UMBRIA - MOLISE	4.166666666666667
2014-02-24 01:00:00	UMBRIA - MOLISE	5.933333333333334
2014-02-24 02:00:00	UMBRIA - MOLISE	6.933333333333334
2014-02-24 03:00:00	UMBRIA - MOLISE	7.0
2014-02-24 04:00:00	UMBRIA - MOLISE	7.366666666666666
2014-02-24 05:00:00	UMBRIA - MOLISE	6.866666666666666
2014-02-24 06:00:00	UMBRIA - MOLISE	5.3
2014-02-24 07:00:00	UMBRIA - MOLISE	4.233333333333333
2014-02-24 08:00:00	UMBRIA - MOLISE	1.6666666666666667
2014-02-24 09:00:00	UMBRIA - MOLISE	0.4666666666666667
2014-02-24 10:00:00	UMBRIA - MOLISE	1.7
2014-02-24 11:00:00	UMBRIA - MOLISE	2.8666666666666667
2014-02-24 12:00:00	UMBRIA - MOLISE	1.0666666666666667
2014-02-24 13:00:00	UMBRIA - MOLISE	0.8333333333333334
2014-02-24 14:00:00	UMBRIA - MOLISE	1.6333333333333333
2014-02-24 15:00:00	UMBRIA - MOLISE	1.0
2014-02-24 16:00:00	UMBRIA - MOLISE	0.9333333333333333
2014-02-24 17:00:00	UMBRIA - MOLISE	1.8333333333333333
2014-02-24 18:00:00	UMBRIA - MOLISE	2.1
2014-02-24 19:00:00	UMBRIA - MOLISE	2.1
2014-02-24 20:00:00	UMBRIA - MOLISE	0.7666666666666667
2014-02-24 21:00:00	UMBRIA - MOLISE	2.433333333333333
2014-02-24 22:00:00	UMBRIA - MOLISE	2.566666666666667
2014-02-24 23:00:00	UMBRIA - MOLISE	3.6
2014-02-25 00:00:00	UMBRIA - MOLISE	6.466666666666667
2014-02-25 01:00:00	UMBRIA - MOLISE	10.266666666666667
2014-02-25 02:00:00	UMBRIA - MOLISE	11.633333333333333
2014-02-25 03:00:00	UMBRIA - MOLISE	13.0
2014-02-25 04:00:00	UMBRIA - MOLISE	12.933333333333334
2014-02-25 05:00:00	UMBRIA - MOLISE	11.2
2014-02-25 06:00:00	UMBRIA - MOLISE	10.033333333333333
2014-02-25 07:00:00	UMBRIA - MOLISE	9.466666666666667
2014-02-25 08:00:00	UMBRIA - MOLISE	4.5
2014-02-25 09:00:00	UMBRIA - MOLISE	0.7333333333333333
2014-02-25 10:00:00	UMBRIA - MOLISE	2.7666666666666666
2014-02-25 11:00:00	UMBRIA - MOLISE	3.0
2014-02-25 12:00:00	UMBRIA - MOLISE	2.4
2014-02-25 13:00:00	UMBRIA - MOLISE	2.033333333333333
2014-02-25 14:00:00	UMBRIA - MOLISE	2.6666666666666665
2014-02-25 15:00:00	UMBRIA - MOLISE	0.9333333333333333
2014-02-25 16:00:00	UMBRIA - MOLISE	1.2666666666666666
2014-02-25 17:00:00	UMBRIA - MOLISE	1.8
2014-02-25 18:00:00	UMBRIA - MOLISE	2.1
2014-02-25 19:00:00	UMBRIA - MOLISE	0.6666666666666666
2014-02-25 20:00:00	UMBRIA - MOLISE	0.9333333333333333
2014-02-25 21:00:00	UMBRIA - MOLISE	2.1666666666666665
2014-02-25 22:00:00	UMBRIA - MOLISE	3.933333333333333
2014-02-25 23:00:00	UMBRIA - MOLISE	1.2333333333333334
2014-02-26 00:00:00	UMBRIA - MOLISE	3.8333333333333335
2014-02-26 01:00:00	UMBRIA - MOLISE	2.433333333333333
2014-02-26 02:00:00	UMBRIA - MOLISE	1.9
2014-02-26 03:00:00	UMBRIA - MOLISE	2.0
2014-02-26 04:00:00	UMBRIA - MOLISE	2.4
2014-02-26 05:00:00	UMBRIA - MOLISE	3.0
2014-02-26 06:00:00	UMBRIA - MOLISE	3.0
2014-02-26 07:00:00	UMBRIA - MOLISE	2.466666666666667
2014-02-26 08:00:00	UMBRIA - MOLISE	0.5666666666666667
2014-02-26 09:00:00	UMBRIA - MOLISE	0.5333333333333333
2014-02-26 11:00:00	UMBRIA - MOLISE	0.5333333333333333
2014-02-26 12:00:00	UMBRIA - MOLISE	1.1666666666666667
2014-02-26 13:00:00	UMBRIA - MOLISE	1.7333333333333334
2014-02-26 14:00:00	UMBRIA - MOLISE	2.8333333333333335
2014-02-26 15:00:00	UMBRIA - MOLISE	2.3333333333333335
2014-02-26 16:00:00	UMBRIA - MOLISE	1.3
2014-02-26 17:00:00	UMBRIA - MOLISE	1.2333333333333334
2014-02-26 18:00:00	UMBRIA - MOLISE	3.7666666666666666
2014-02-26 19:00:00	UMBRIA - MOLISE	3.6666666666666665
2014-02-26 20:00:00	UMBRIA - MOLISE	1.4666666666666666
2014-02-26 21:00:00	UMBRIA - MOLISE	1.7666666666666666
2014-02-26 22:00:00	UMBRIA - MOLISE	1.2666666666666666
2014-02-26 23:00:00	UMBRIA - MOLISE	1.0333333333333334
2014-02-27 00:00:00	UMBRIA - MOLISE	1.9666666666666666
2014-02-27 01:00:00	UMBRIA - MOLISE	3.8333333333333335
2014-02-27 02:00:00	UMBRIA - MOLISE	4.866666666666666
2014-02-27 03:00:00	UMBRIA - MOLISE	4.5
2014-02-27 04:00:00	UMBRIA - MOLISE	3.0
2014-02-27 05:00:00	UMBRIA - MOLISE	2.0
2014-02-27 06:00:00	UMBRIA - MOLISE	2.1333333333333333
2014-02-27 07:00:00	UMBRIA - MOLISE	1.8
2014-02-27 08:00:00	UMBRIA - MOLISE	1.1333333333333333
2014-02-27 09:00:00	UMBRIA - MOLISE	1.3666666666666667
2014-02-27 10:00:00	UMBRIA - MOLISE	1.6
2014-02-27 11:00:00	UMBRIA - MOLISE	0.8666666666666667
2014-02-27 12:00:00	UMBRIA - MOLISE	2.5
2014-02-27 13:00:00	UMBRIA - MOLISE	5.166666666666667
2014-02-27 14:00:00	UMBRIA - MOLISE	3.433333333333333
2014-02-27 15:00:00	UMBRIA - MOLISE	3.3
2014-02-27 16:00:00	UMBRIA - MOLISE	4.533333333333333
2014-02-27 17:00:00	UMBRIA - MOLISE	7.5
2014-02-27 18:00:00	UMBRIA - MOLISE	6.566666666666666
2014-02-27 19:00:00	UMBRIA - MOLISE	2.9
2014-02-27 20:00:00	UMBRIA - MOLISE	0.26666666666666666
2014-02-27 21:00:00	UMBRIA - MOLISE	2.6333333333333333
2014-02-27 22:00:00	UMBRIA - MOLISE	0.9666666666666667
2014-02-27 23:00:00	UMBRIA - MOLISE	1.0666666666666667
2014-02-28 00:00:00	UMBRIA - MOLISE	0.8333333333333334
2014-02-28 01:00:00	UMBRIA - MOLISE	2.1666666666666665
2014-02-28 02:00:00	UMBRIA - MOLISE	1.1666666666666667
2014-02-28 03:00:00	UMBRIA - MOLISE	1.9666666666666666
2014-02-28 04:00:00	UMBRIA - MOLISE	3.3
2014-02-28 05:00:00	UMBRIA - MOLISE	3.0
2014-02-28 06:00:00	UMBRIA - MOLISE	2.6
2014-02-28 07:00:00	UMBRIA - MOLISE	0.7666666666666667
2014-02-28 08:00:00	UMBRIA - MOLISE	0.1
2014-02-28 09:00:00	UMBRIA - MOLISE	0.16666666666666666
2014-02-28 10:00:00	UMBRIA - MOLISE	0.23333333333333334
2014-02-28 11:00:00	UMBRIA - MOLISE	0.03333333333333333
2014-02-28 12:00:00	UMBRIA - MOLISE	0.4666666666666667
2014-02-28 13:00:00	UMBRIA - MOLISE	0.03333333333333333
2014-02-28 15:00:00	UMBRIA - MOLISE	1.8666666666666667
2014-02-28 16:00:00	UMBRIA - MOLISE	1.2666666666666666
2014-02-28 17:00:00	UMBRIA - MOLISE	0.6333333333333333
2014-02-28 18:00:00	UMBRIA - MOLISE	0.6
2014-02-28 19:00:00	UMBRIA - MOLISE	0.7666666666666667
2014-02-28 20:00:00	UMBRIA - MOLISE	2.033333333333333
2014-02-28 21:00:00	UMBRIA - MOLISE	4.3
2014-02-28 22:00:00	UMBRIA - MOLISE	1.4
2014-02-28 23:00:00	UMBRIA - MOLISE	1.3666666666666667
2014-03-01 00:00:00	UMBRIA - MOLISE	0.13333333333333333
2014-03-01 01:00:00	UMBRIA - MOLISE	0.6666666666666666
2014-03-01 02:00:00	UMBRIA - MOLISE	0.5333333333333333
2014-03-01 03:00:00	UMBRIA - MOLISE	1.9
2014-03-01 04:00:00	UMBRIA - MOLISE	3.7
2014-03-01 05:00:00	UMBRIA - MOLISE	5.166666666666667
2014-03-01 06:00:00	UMBRIA - MOLISE	3.933333333333333
2014-03-01 07:00:00	UMBRIA - MOLISE	4.0
2014-03-01 08:00:00	UMBRIA - MOLISE	3.3666666666666667
2014-03-01 09:00:00	UMBRIA - MOLISE	2.0
2014-03-01 10:00:00	UMBRIA - MOLISE	0.43333333333333335
2014-03-01 11:00:00	UMBRIA - MOLISE	0.23333333333333334
2014-03-01 12:00:00	UMBRIA - MOLISE	0.5
2014-03-01 13:00:00	UMBRIA - MOLISE	1.3333333333333333
2014-03-01 14:00:00	UMBRIA - MOLISE	0.9666666666666667
2014-03-01 15:00:00	UMBRIA - MOLISE	1.9666666666666666
2014-03-01 16:00:00	UMBRIA - MOLISE	2.0
2014-03-01 17:00:00	UMBRIA - MOLISE	0.7333333333333333
2014-03-01 18:00:00	UMBRIA - MOLISE	0.7
2014-03-01 19:00:00	UMBRIA - MOLISE	0.1
2014-03-01 20:00:00	UMBRIA - MOLISE	0.8333333333333334
2014-03-01 21:00:00	UMBRIA - MOLISE	0.8333333333333334
2014-03-01 22:00:00	UMBRIA - MOLISE	1.9333333333333333
2014-03-01 23:00:00	UMBRIA - MOLISE	2.1666666666666665
2014-03-02 00:00:00	UMBRIA - MOLISE	5.366666666666666
2014-03-02 01:00:00	UMBRIA - MOLISE	4.266666666666667
2014-03-02 02:00:00	UMBRIA - MOLISE	0.8
2014-03-02 03:00:00	UMBRIA - MOLISE	1.3333333333333333
2014-03-02 04:00:00	UMBRIA - MOLISE	1.9333333333333333
2014-03-02 05:00:00	UMBRIA - MOLISE	2.466666666666667
2014-03-02 06:00:00	UMBRIA - MOLISE	3.6
2014-03-02 07:00:00	UMBRIA - MOLISE	3.7666666666666666
2014-03-02 08:00:00	UMBRIA - MOLISE	3.6333333333333333
2014-03-02 09:00:00	UMBRIA - MOLISE	2.533333333333333
2014-03-02 10:00:00	UMBRIA - MOLISE	2.033333333333333
2014-03-02 11:00:00	UMBRIA - MOLISE	2.966666666666667
2014-03-02 12:00:00	UMBRIA - MOLISE	3.1666666666666665
2014-03-02 13:00:00	UMBRIA - MOLISE	2.1333333333333333
2014-03-02 14:00:00	UMBRIA - MOLISE	2.7
2014-03-02 15:00:00	UMBRIA - MOLISE	4.7
2014-03-02 16:00:00	UMBRIA - MOLISE	4.266666666666667
2014-03-02 17:00:00	UMBRIA - MOLISE	4.566666666666666
2014-03-02 18:00:00	UMBRIA - MOLISE	3.7
2014-03-02 19:00:00	UMBRIA - MOLISE	1.9666666666666666
2014-03-02 20:00:00	UMBRIA - MOLISE	1.8
2014-03-02 21:00:00	UMBRIA - MOLISE	1.7
2014-03-02 22:00:00	UMBRIA - MOLISE	4.733333333333333
2014-03-02 23:00:00	UMBRIA - MOLISE	1.7
2014-02-24 00:00:00	VIALE MONZA	7.266666666666667
2014-02-24 01:00:00	VIALE MONZA	6.9
2014-02-24 02:00:00	VIALE MONZA	8.066666666666666
2014-02-24 03:00:00	VIALE MONZA	9.0
2014-02-24 04:00:00	VIALE MONZA	9.0
2014-02-24 05:00:00	VIALE MONZA	9.0
2014-02-24 06:00:00	VIALE MONZA	8.266666666666667
2014-02-24 07:00:00	VIALE MONZA	8.166666666666666
2014-02-24 08:00:00	VIALE MONZA	7.866666666666666
2014-02-24 09:00:00	VIALE MONZA	6.533333333333333
2014-02-24 10:00:00	VIALE MONZA	7.133333333333334
2014-02-24 11:00:00	VIALE MONZA	5.833333333333333
2014-02-24 12:00:00	VIALE MONZA	6.166666666666667
2014-02-24 13:00:00	VIALE MONZA	7.333333333333333
2014-02-24 14:00:00	VIALE MONZA	7.0
2014-02-24 15:00:00	VIALE MONZA	5.8
2014-02-24 16:00:00	VIALE MONZA	7.433333333333334
2014-02-24 17:00:00	VIALE MONZA	5.9
2014-02-24 18:00:00	VIALE MONZA	4.833333333333333
2014-02-24 19:00:00	VIALE MONZA	5.466666666666667
2014-02-24 20:00:00	VIALE MONZA	6.1
2014-02-24 21:00:00	VIALE MONZA	8.833333333333334
2014-02-24 22:00:00	VIALE MONZA	3.966666666666667
2014-02-24 23:00:00	VIALE MONZA	2.7
2014-02-25 00:00:00	VIALE MONZA	3.1333333333333333
2014-02-25 01:00:00	VIALE MONZA	5.766666666666667
2014-02-25 02:00:00	VIALE MONZA	5.8
2014-02-25 03:00:00	VIALE MONZA	6.966666666666667
2014-02-25 04:00:00	VIALE MONZA	7.0
2014-02-25 05:00:00	VIALE MONZA	6.766666666666667
2014-02-25 06:00:00	VIALE MONZA	7.0
2014-02-25 07:00:00	VIALE MONZA	6.933333333333334
2014-02-25 08:00:00	VIALE MONZA	5.266666666666667
2014-02-25 09:00:00	VIALE MONZA	5.533333333333333
2014-02-25 10:00:00	VIALE MONZA	7.133333333333334
2014-02-25 11:00:00	VIALE MONZA	6.766666666666667
2014-02-25 12:00:00	VIALE MONZA	6.466666666666667
2014-02-25 13:00:00	VIALE MONZA	6.2
2014-02-25 14:00:00	VIALE MONZA	7.8
2014-02-25 15:00:00	VIALE MONZA	9.166666666666666
2014-02-25 16:00:00	VIALE MONZA	10.266666666666667
2014-02-25 17:00:00	VIALE MONZA	10.166666666666666
2014-02-25 18:00:00	VIALE MONZA	7.7
2014-02-25 19:00:00	VIALE MONZA	7.966666666666667
2014-02-25 20:00:00	VIALE MONZA	7.466666666666667
2014-02-25 21:00:00	VIALE MONZA	9.166666666666666
2014-02-25 22:00:00	VIALE MONZA	9.866666666666667
2014-02-25 23:00:00	VIALE MONZA	9.666666666666666
2014-02-26 00:00:00	VIALE MONZA	10.1
2014-02-26 01:00:00	VIALE MONZA	8.766666666666667
2014-02-26 02:00:00	VIALE MONZA	9.7
2014-02-26 03:00:00	VIALE MONZA	10.0
2014-02-26 04:00:00	VIALE MONZA	10.0
2014-02-26 05:00:00	VIALE MONZA	10.8
2014-02-26 06:00:00	VIALE MONZA	10.066666666666666
2014-02-26 07:00:00	VIALE MONZA	9.1
2014-02-26 08:00:00	VIALE MONZA	7.7
2014-02-26 09:00:00	VIALE MONZA	10.666666666666666
2014-02-26 10:00:00	VIALE MONZA	10.6
2014-02-26 11:00:00	VIALE MONZA	9.2
2014-02-26 12:00:00	VIALE MONZA	9.0
2014-02-26 13:00:00	VIALE MONZA	9.133333333333333
2014-02-26 14:00:00	VIALE MONZA	10.0
2014-02-26 15:00:00	VIALE MONZA	9.133333333333333
2014-02-26 16:00:00	VIALE MONZA	9.1
2014-02-26 17:00:00	VIALE MONZA	8.566666666666666
2014-02-26 18:00:00	VIALE MONZA	8.566666666666666
2014-02-26 19:00:00	VIALE MONZA	8.4
2014-02-26 20:00:00	VIALE MONZA	9.433333333333334
2014-02-26 21:00:00	VIALE MONZA	8.1
2014-02-26 22:00:00	VIALE MONZA	8.3
2014-02-26 23:00:00	VIALE MONZA	7.7
2014-02-27 00:00:00	VIALE MONZA	8.466666666666667
2014-02-27 01:00:00	VIALE MONZA	11.166666666666666
2014-02-27 02:00:00	VIALE MONZA	13.666666666666666
2014-02-27 03:00:00	VIALE MONZA	15.0
2014-02-27 04:00:00	VIALE MONZA	14.266666666666667
2014-02-27 05:00:00	VIALE MONZA	14.433333333333334
2014-02-27 06:00:00	VIALE MONZA	15.333333333333334
2014-02-27 07:00:00	VIALE MONZA	15.066666666666666
2014-02-27 08:00:00	VIALE MONZA	14.1
2014-02-27 09:00:00	VIALE MONZA	14.166666666666666
2014-02-27 10:00:00	VIALE MONZA	12.9
2014-02-27 11:00:00	VIALE MONZA	11.533333333333333
2014-02-27 12:00:00	VIALE MONZA	9.9
2014-02-27 13:00:00	VIALE MONZA	8.266666666666667
2014-02-27 14:00:00	VIALE MONZA	5.866666666666666
2014-02-27 15:00:00	VIALE MONZA	8.0
2014-02-27 16:00:00	VIALE MONZA	7.7
2014-02-27 17:00:00	VIALE MONZA	5.633333333333334
2014-02-27 18:00:00	VIALE MONZA	3.6333333333333333
2014-02-27 19:00:00	VIALE MONZA	5.533333333333333
2014-02-27 20:00:00	VIALE MONZA	5.066666666666666
2014-02-27 21:00:00	VIALE MONZA	5.166666666666667
2014-02-27 22:00:00	VIALE MONZA	4.666666666666667
2014-02-27 23:00:00	VIALE MONZA	4.666666666666667
2014-02-28 00:00:00	VIALE MONZA	8.166666666666666
2014-02-28 01:00:00	VIALE MONZA	9.533333333333333
2014-02-28 02:00:00	VIALE MONZA	12.033333333333333
2014-02-28 03:00:00	VIALE MONZA	13.0
2014-02-28 04:00:00	VIALE MONZA	12.966666666666667
2014-02-28 05:00:00	VIALE MONZA	13.033333333333333
2014-02-28 06:00:00	VIALE MONZA	14.4
2014-02-28 07:00:00	VIALE MONZA	12.866666666666667
2014-02-28 08:00:00	VIALE MONZA	13.733333333333333
2014-02-28 09:00:00	VIALE MONZA	14.4
2014-02-28 10:00:00	VIALE MONZA	13.1
2014-02-28 11:00:00	VIALE MONZA	11.9
2014-02-28 12:00:00	VIALE MONZA	13.733333333333333
2014-02-28 13:00:00	VIALE MONZA	12.533333333333333
2014-02-28 14:00:00	VIALE MONZA	15.766666666666667
2014-02-28 15:00:00	VIALE MONZA	17.866666666666667
2014-02-28 16:00:00	VIALE MONZA	16.633333333333333
2014-02-28 17:00:00	VIALE MONZA	13.766666666666667
2014-02-28 18:00:00	VIALE MONZA	12.633333333333333
2014-02-28 19:00:00	VIALE MONZA	9.533333333333333
2014-02-28 20:00:00	VIALE MONZA	7.833333333333333
2014-02-28 21:00:00	VIALE MONZA	5.066666666666666
2014-02-28 22:00:00	VIALE MONZA	5.333333333333333
2014-02-28 23:00:00	VIALE MONZA	7.9
2014-03-01 00:00:00	VIALE MONZA	9.1
2014-03-01 01:00:00	VIALE MONZA	8.933333333333334
2014-03-01 02:00:00	VIALE MONZA	6.766666666666667
2014-03-01 03:00:00	VIALE MONZA	9.266666666666667
2014-03-01 04:00:00	VIALE MONZA	11.133333333333333
2014-03-01 05:00:00	VIALE MONZA	11.3
2014-03-01 06:00:00	VIALE MONZA	10.8
2014-03-01 07:00:00	VIALE MONZA	11.0
2014-03-01 08:00:00	VIALE MONZA	10.433333333333334
2014-03-01 09:00:00	VIALE MONZA	8.566666666666666
2014-03-01 10:00:00	VIALE MONZA	6.366666666666666
2014-03-01 11:00:00	VIALE MONZA	6.333333333333333
2014-03-01 12:00:00	VIALE MONZA	6.166666666666667
2014-03-01 13:00:00	VIALE MONZA	3.6666666666666665
2014-03-01 14:00:00	VIALE MONZA	1.4
2014-03-01 15:00:00	VIALE MONZA	0.9666666666666667
2014-03-01 16:00:00	VIALE MONZA	3.033333333333333
2014-03-01 17:00:00	VIALE MONZA	4.233333333333333
2014-03-01 18:00:00	VIALE MONZA	4.166666666666667
2014-03-01 19:00:00	VIALE MONZA	5.033333333333333
2014-03-01 20:00:00	VIALE MONZA	6.1
2014-03-01 21:00:00	VIALE MONZA	3.8333333333333335
2014-03-01 22:00:00	VIALE MONZA	5.966666666666667
2014-03-01 23:00:00	VIALE MONZA	7.1
2014-03-02 00:00:00	VIALE MONZA	7.266666666666667
2014-03-02 01:00:00	VIALE MONZA	9.933333333333334
2014-03-02 02:00:00	VIALE MONZA	9.133333333333333
2014-03-02 03:00:00	VIALE MONZA	10.4
2014-03-02 04:00:00	VIALE MONZA	12.0
2014-03-02 05:00:00	VIALE MONZA	10.2
2014-03-02 06:00:00	VIALE MONZA	12.433333333333334
2014-03-02 07:00:00	VIALE MONZA	13.0
2014-03-02 08:00:00	VIALE MONZA	13.833333333333334
2014-03-02 09:00:00	VIALE MONZA	14.0
2014-03-02 10:00:00	VIALE MONZA	14.366666666666667
2014-03-02 11:00:00	VIALE MONZA	16.4
2014-03-02 12:00:00	VIALE MONZA	15.966666666666667
2014-03-02 13:00:00	VIALE MONZA	12.5
2014-03-02 14:00:00	VIALE MONZA	11.766666666666667
2014-03-02 15:00:00	VIALE MONZA	10.0
2014-03-02 16:00:00	VIALE MONZA	10.2
2014-03-02 17:00:00	VIALE MONZA	9.266666666666667
2014-03-02 18:00:00	VIALE MONZA	11.7
2014-03-02 19:00:00	VIALE MONZA	10.9
2014-03-02 20:00:00	VIALE MONZA	11.433333333333334
2014-03-02 21:00:00	VIALE MONZA	10.333333333333334
2014-03-02 22:00:00	VIALE MONZA	8.3
2014-03-02 23:00:00	VIALE MONZA	7.9
2014-02-24 00:00:00	VIGENTINA	1.6
2014-02-24 01:00:00	VIGENTINA	0.06666666666666667
2014-02-24 04:00:00	VIGENTINA	1.4333333333333333
2014-02-24 05:00:00	VIGENTINA	2.433333333333333
2014-02-24 06:00:00	VIGENTINA	3.0
2014-02-24 07:00:00	VIGENTINA	2.6666666666666665
2014-02-24 08:00:00	VIGENTINA	2.8333333333333335
2014-02-24 09:00:00	VIGENTINA	4.033333333333333
2014-02-24 10:00:00	VIGENTINA	5.5
2014-02-24 11:00:00	VIGENTINA	7.033333333333333
2014-02-24 12:00:00	VIGENTINA	6.7
2014-02-24 13:00:00	VIGENTINA	6.566666666666666
2014-02-24 14:00:00	VIGENTINA	4.6
2014-02-24 15:00:00	VIGENTINA	1.8666666666666667
2014-02-24 16:00:00	VIGENTINA	1.7
2014-02-24 17:00:00	VIGENTINA	1.0
2014-02-24 18:00:00	VIGENTINA	0.3
2014-02-24 19:00:00	VIGENTINA	0.8
2014-02-24 20:00:00	VIGENTINA	1.1
2014-02-24 21:00:00	VIGENTINA	4.3
2014-02-24 22:00:00	VIGENTINA	1.8
2014-02-24 23:00:00	VIGENTINA	0.3333333333333333
2014-02-25 00:00:00	VIGENTINA	0.3333333333333333
2014-02-25 01:00:00	VIGENTINA	0.8
2014-02-25 02:00:00	VIGENTINA	0.3
2014-02-25 05:00:00	VIGENTINA	0.9666666666666667
2014-02-25 06:00:00	VIGENTINA	1.0666666666666667
2014-02-25 07:00:00	VIGENTINA	0.6666666666666666
2014-02-25 08:00:00	VIGENTINA	0.9
2014-02-25 09:00:00	VIGENTINA	4.466666666666667
2014-02-25 10:00:00	VIGENTINA	5.466666666666667
2014-02-25 11:00:00	VIGENTINA	5.6
2014-02-25 12:00:00	VIGENTINA	5.6
2014-02-25 13:00:00	VIGENTINA	4.166666666666667
2014-02-25 14:00:00	VIGENTINA	4.866666666666666
2014-02-25 15:00:00	VIGENTINA	3.6333333333333333
2014-02-25 16:00:00	VIGENTINA	1.3666666666666667
2014-02-25 17:00:00	VIGENTINA	1.0333333333333334
2014-02-25 18:00:00	VIGENTINA	0.7333333333333333
2014-02-25 19:00:00	VIGENTINA	0.1
2014-02-25 21:00:00	VIGENTINA	0.4666666666666667
2014-02-25 22:00:00	VIGENTINA	0.6666666666666666
2014-02-25 23:00:00	VIGENTINA	0.5
2014-02-26 00:00:00	VIGENTINA	1.7
2014-02-26 01:00:00	VIGENTINA	1.0
2014-02-26 04:00:00	VIGENTINA	2.1
2014-02-26 05:00:00	VIGENTINA	3.2333333333333334
2014-02-26 06:00:00	VIGENTINA	3.0
2014-02-26 07:00:00	VIGENTINA	3.2
2014-02-26 08:00:00	VIGENTINA	2.066666666666667
2014-02-26 09:00:00	VIGENTINA	2.4
2014-02-26 10:00:00	VIGENTINA	1.6333333333333333
2014-02-26 11:00:00	VIGENTINA	1.2666666666666666
2014-02-26 12:00:00	VIGENTINA	3.6666666666666665
2014-02-26 13:00:00	VIGENTINA	3.433333333333333
2014-02-26 14:00:00	VIGENTINA	1.3
2014-02-26 15:00:00	VIGENTINA	2.066666666666667
2014-02-26 16:00:00	VIGENTINA	2.6333333333333333
2014-02-26 17:00:00	VIGENTINA	1.9333333333333333
2014-02-26 18:00:00	VIGENTINA	0.1
2014-02-26 19:00:00	VIGENTINA	0.16666666666666666
2014-02-26 20:00:00	VIGENTINA	0.23333333333333334
2014-02-26 21:00:00	VIGENTINA	0.5333333333333333
2014-02-26 22:00:00	VIGENTINA	0.4666666666666667
2014-02-26 23:00:00	VIGENTINA	0.5333333333333333
2014-02-27 00:00:00	VIGENTINA	0.4666666666666667
2014-02-27 01:00:00	VIGENTINA	1.3333333333333333
2014-02-27 02:00:00	VIGENTINA	1.2666666666666666
2014-02-27 03:00:00	VIGENTINA	0.4
2014-02-27 04:00:00	VIGENTINA	0.7666666666666667
2014-02-27 05:00:00	VIGENTINA	1.5333333333333334
2014-02-27 06:00:00	VIGENTINA	1.0
2014-02-27 07:00:00	VIGENTINA	0.9666666666666667
2014-02-27 08:00:00	VIGENTINA	0.03333333333333333
2014-02-27 09:00:00	VIGENTINA	1.1333333333333333
2014-02-27 10:00:00	VIGENTINA	4.366666666666666
2014-02-27 11:00:00	VIGENTINA	7.9
2014-02-27 12:00:00	VIGENTINA	3.933333333333333
2014-02-27 13:00:00	VIGENTINA	2.566666666666667
2014-02-27 14:00:00	VIGENTINA	3.2333333333333334
2014-02-27 15:00:00	VIGENTINA	5.1
2014-02-27 16:00:00	VIGENTINA	0.7333333333333333
2014-02-27 17:00:00	VIGENTINA	0.6333333333333333
2014-02-27 18:00:00	VIGENTINA	0.8666666666666667
2014-02-27 19:00:00	VIGENTINA	0.1
2014-02-27 20:00:00	VIGENTINA	0.26666666666666666
2014-02-27 21:00:00	VIGENTINA	1.1666666666666667
2014-02-27 22:00:00	VIGENTINA	0.2
2014-02-27 23:00:00	VIGENTINA	0.23333333333333334
2014-02-28 00:00:00	VIGENTINA	0.2
2014-02-28 01:00:00	VIGENTINA	0.23333333333333334
2014-02-28 02:00:00	VIGENTINA	0.23333333333333334
2014-02-28 03:00:00	VIGENTINA	0.13333333333333333
2014-02-28 04:00:00	VIGENTINA	0.06666666666666667
2014-02-28 05:00:00	VIGENTINA	0.06666666666666667
2014-02-28 07:00:00	VIGENTINA	0.03333333333333333
2014-02-28 08:00:00	VIGENTINA	0.26666666666666666
2014-02-28 09:00:00	VIGENTINA	0.23333333333333334
2014-02-28 10:00:00	VIGENTINA	1.6333333333333333
2014-02-28 11:00:00	VIGENTINA	2.1333333333333333
2014-02-28 12:00:00	VIGENTINA	1.6333333333333333
2014-02-28 13:00:00	VIGENTINA	0.43333333333333335
2014-02-28 14:00:00	VIGENTINA	0.4
2014-02-28 15:00:00	VIGENTINA	0.7666666666666667
2014-02-28 16:00:00	VIGENTINA	0.13333333333333333
2014-02-28 17:00:00	VIGENTINA	1.0
2014-02-28 18:00:00	VIGENTINA	0.6
2014-02-28 19:00:00	VIGENTINA	0.36666666666666664
2014-02-28 20:00:00	VIGENTINA	0.4
2014-02-28 21:00:00	VIGENTINA	1.0666666666666667
2014-02-28 22:00:00	VIGENTINA	0.3333333333333333
2014-02-28 23:00:00	VIGENTINA	0.36666666666666664
2014-03-01 00:00:00	VIGENTINA	0.2
2014-03-01 01:00:00	VIGENTINA	0.43333333333333335
2014-03-01 02:00:00	VIGENTINA	0.4666666666666667
2014-03-01 03:00:00	VIGENTINA	0.03333333333333333
2014-03-01 04:00:00	VIGENTINA	0.5333333333333333
2014-03-01 05:00:00	VIGENTINA	0.9333333333333333
2014-03-01 06:00:00	VIGENTINA	1.1333333333333333
2014-03-01 07:00:00	VIGENTINA	3.0
2014-03-01 08:00:00	VIGENTINA	2.966666666666667
2014-03-01 09:00:00	VIGENTINA	1.3666666666666667
2014-03-01 10:00:00	VIGENTINA	0.16666666666666666
2014-03-01 11:00:00	VIGENTINA	0.1
2014-03-01 12:00:00	VIGENTINA	1.4
2014-03-01 13:00:00	VIGENTINA	0.5666666666666667
2014-03-01 14:00:00	VIGENTINA	0.4
2014-03-01 15:00:00	VIGENTINA	0.1
2014-03-01 16:00:00	VIGENTINA	0.5
2014-03-01 17:00:00	VIGENTINA	0.9666666666666667
2014-03-01 18:00:00	VIGENTINA	0.03333333333333333
2014-03-01 19:00:00	VIGENTINA	0.26666666666666666
2014-03-01 20:00:00	VIGENTINA	0.6
2014-03-01 21:00:00	VIGENTINA	0.9666666666666667
2014-03-01 22:00:00	VIGENTINA	0.4666666666666667
2014-03-01 23:00:00	VIGENTINA	1.0
2014-03-02 00:00:00	VIGENTINA	0.43333333333333335
2014-03-02 01:00:00	VIGENTINA	0.43333333333333335
2014-03-02 02:00:00	VIGENTINA	2.2
2014-03-02 03:00:00	VIGENTINA	0.6666666666666666
2014-03-02 04:00:00	VIGENTINA	0.7
2014-03-02 05:00:00	VIGENTINA	1.4333333333333333
2014-03-02 06:00:00	VIGENTINA	3.033333333333333
2014-03-02 07:00:00	VIGENTINA	4.0
2014-03-02 08:00:00	VIGENTINA	3.0
2014-03-02 09:00:00	VIGENTINA	1.4666666666666666
2014-03-02 10:00:00	VIGENTINA	1.2666666666666666
2014-03-02 11:00:00	VIGENTINA	0.4666666666666667
2014-03-02 12:00:00	VIGENTINA	0.06666666666666667
2014-03-02 13:00:00	VIGENTINA	0.3
2014-03-02 14:00:00	VIGENTINA	0.03333333333333333
2014-03-02 15:00:00	VIGENTINA	0.6666666666666666
2014-03-02 16:00:00	VIGENTINA	0.8666666666666667
2014-03-02 17:00:00	VIGENTINA	0.4666666666666667
2014-03-02 18:00:00	VIGENTINA	0.36666666666666664
2014-03-02 19:00:00	VIGENTINA	0.3333333333333333
2014-03-02 20:00:00	VIGENTINA	2.1
2014-03-02 21:00:00	VIGENTINA	0.9
2014-03-02 22:00:00	VIGENTINA	0.16666666666666666
2014-03-02 23:00:00	VIGENTINA	1.8
2014-02-24 00:00:00	VILLAPIZZONE	12.433333333333334
2014-02-24 01:00:00	VILLAPIZZONE	14.433333333333334
2014-02-24 02:00:00	VILLAPIZZONE	15.333333333333334
2014-02-24 03:00:00	VILLAPIZZONE	16.666666666666668
2014-02-24 04:00:00	VILLAPIZZONE	16.8
2014-02-24 05:00:00	VILLAPIZZONE	16.2
2014-02-24 06:00:00	VILLAPIZZONE	17.3
2014-02-24 07:00:00	VILLAPIZZONE	19.1
2014-02-24 08:00:00	VILLAPIZZONE	17.933333333333334
2014-02-24 09:00:00	VILLAPIZZONE	15.3
2014-02-24 10:00:00	VILLAPIZZONE	13.666666666666666
2014-02-24 11:00:00	VILLAPIZZONE	13.066666666666666
2014-02-24 12:00:00	VILLAPIZZONE	11.733333333333333
2014-02-24 13:00:00	VILLAPIZZONE	10.333333333333334
2014-02-24 14:00:00	VILLAPIZZONE	11.666666666666666
2014-02-24 15:00:00	VILLAPIZZONE	12.1
2014-02-24 16:00:00	VILLAPIZZONE	13.0
2014-02-24 17:00:00	VILLAPIZZONE	10.666666666666666
2014-02-24 18:00:00	VILLAPIZZONE	11.033333333333333
2014-02-24 19:00:00	VILLAPIZZONE	12.066666666666666
2014-02-24 20:00:00	VILLAPIZZONE	15.666666666666666
2014-02-24 21:00:00	VILLAPIZZONE	15.933333333333334
2014-02-24 22:00:00	VILLAPIZZONE	7.666666666666667
2014-02-24 23:00:00	VILLAPIZZONE	13.7
2014-02-25 00:00:00	VILLAPIZZONE	18.633333333333333
2014-02-25 01:00:00	VILLAPIZZONE	19.533333333333335
2014-02-25 02:00:00	VILLAPIZZONE	19.333333333333332
2014-02-25 03:00:00	VILLAPIZZONE	20.566666666666666
2014-02-25 04:00:00	VILLAPIZZONE	22.233333333333334
2014-02-25 05:00:00	VILLAPIZZONE	20.633333333333333
2014-02-25 06:00:00	VILLAPIZZONE	21.133333333333333
2014-02-25 07:00:00	VILLAPIZZONE	19.2
2014-02-25 08:00:00	VILLAPIZZONE	16.433333333333334
2014-02-25 09:00:00	VILLAPIZZONE	15.733333333333333
2014-02-25 10:00:00	VILLAPIZZONE	16.666666666666668
2014-02-25 11:00:00	VILLAPIZZONE	14.833333333333334
2014-02-25 12:00:00	VILLAPIZZONE	12.6
2014-02-25 13:00:00	VILLAPIZZONE	11.333333333333334
2014-02-25 14:00:00	VILLAPIZZONE	11.733333333333333
2014-02-25 15:00:00	VILLAPIZZONE	10.1
2014-02-25 16:00:00	VILLAPIZZONE	10.566666666666666
2014-02-25 17:00:00	VILLAPIZZONE	9.866666666666667
2014-02-25 18:00:00	VILLAPIZZONE	11.5
2014-02-25 19:00:00	VILLAPIZZONE	13.266666666666667
2014-02-25 20:00:00	VILLAPIZZONE	14.1
2014-02-25 21:00:00	VILLAPIZZONE	17.733333333333334
2014-02-25 22:00:00	VILLAPIZZONE	18.8
2014-02-25 23:00:00	VILLAPIZZONE	18.6
2014-02-26 00:00:00	VILLAPIZZONE	19.766666666666666
2014-02-26 01:00:00	VILLAPIZZONE	18.333333333333332
2014-02-26 02:00:00	VILLAPIZZONE	20.166666666666668
2014-02-26 03:00:00	VILLAPIZZONE	21.0
2014-02-26 04:00:00	VILLAPIZZONE	20.9
2014-02-26 05:00:00	VILLAPIZZONE	19.9
2014-02-26 06:00:00	VILLAPIZZONE	18.5
2014-02-26 07:00:00	VILLAPIZZONE	18.366666666666667
2014-02-26 08:00:00	VILLAPIZZONE	14.066666666666666
2014-02-26 09:00:00	VILLAPIZZONE	11.1
2014-02-26 10:00:00	VILLAPIZZONE	9.433333333333334
2014-02-26 11:00:00	VILLAPIZZONE	11.066666666666666
2014-02-26 12:00:00	VILLAPIZZONE	11.366666666666667
2014-02-26 13:00:00	VILLAPIZZONE	9.7
2014-02-26 14:00:00	VILLAPIZZONE	8.766666666666667
2014-02-26 15:00:00	VILLAPIZZONE	8.2
2014-02-26 16:00:00	VILLAPIZZONE	10.833333333333334
2014-02-26 17:00:00	VILLAPIZZONE	11.6
2014-02-26 18:00:00	VILLAPIZZONE	10.3
2014-02-26 19:00:00	VILLAPIZZONE	10.566666666666666
2014-02-26 20:00:00	VILLAPIZZONE	10.333333333333334
2014-02-26 21:00:00	VILLAPIZZONE	10.266666666666667
2014-02-26 22:00:00	VILLAPIZZONE	13.233333333333333
2014-02-26 23:00:00	VILLAPIZZONE	14.266666666666667
2014-02-27 00:00:00	VILLAPIZZONE	15.166666666666666
2014-02-27 01:00:00	VILLAPIZZONE	15.2
2014-02-27 02:00:00	VILLAPIZZONE	15.3
2014-02-27 03:00:00	VILLAPIZZONE	16.0
2014-02-27 04:00:00	VILLAPIZZONE	16.3
2014-02-27 05:00:00	VILLAPIZZONE	16.433333333333334
2014-02-27 06:00:00	VILLAPIZZONE	15.433333333333334
2014-02-27 07:00:00	VILLAPIZZONE	13.033333333333333
2014-02-27 08:00:00	VILLAPIZZONE	9.0
2014-02-27 09:00:00	VILLAPIZZONE	4.733333333333333
2014-02-27 10:00:00	VILLAPIZZONE	2.7333333333333334
2014-02-27 11:00:00	VILLAPIZZONE	3.4
2014-02-27 12:00:00	VILLAPIZZONE	3.7
2014-02-27 13:00:00	VILLAPIZZONE	3.4
2014-02-27 14:00:00	VILLAPIZZONE	1.5
2014-02-27 15:00:00	VILLAPIZZONE	2.2333333333333334
2014-02-27 16:00:00	VILLAPIZZONE	4.866666666666666
2014-02-27 17:00:00	VILLAPIZZONE	8.533333333333333
2014-02-27 18:00:00	VILLAPIZZONE	9.366666666666667
2014-02-27 19:00:00	VILLAPIZZONE	12.433333333333334
2014-02-27 20:00:00	VILLAPIZZONE	13.166666666666666
2014-02-27 21:00:00	VILLAPIZZONE	14.5
2014-02-27 22:00:00	VILLAPIZZONE	14.2
2014-02-27 23:00:00	VILLAPIZZONE	14.433333333333334
2014-02-28 00:00:00	VILLAPIZZONE	16.3
2014-02-28 01:00:00	VILLAPIZZONE	15.366666666666667
2014-02-28 02:00:00	VILLAPIZZONE	16.0
2014-02-28 03:00:00	VILLAPIZZONE	16.233333333333334
2014-02-28 04:00:00	VILLAPIZZONE	17.0
2014-02-28 05:00:00	VILLAPIZZONE	17.0
2014-02-28 06:00:00	VILLAPIZZONE	16.233333333333334
2014-02-28 07:00:00	VILLAPIZZONE	12.066666666666666
2014-02-28 08:00:00	VILLAPIZZONE	8.066666666666666
2014-02-28 09:00:00	VILLAPIZZONE	6.733333333333333
2014-02-28 10:00:00	VILLAPIZZONE	6.333333333333333
2014-02-28 11:00:00	VILLAPIZZONE	6.233333333333333
2014-02-28 12:00:00	VILLAPIZZONE	8.033333333333333
2014-02-28 13:00:00	VILLAPIZZONE	7.733333333333333
2014-02-28 14:00:00	VILLAPIZZONE	4.233333333333333
2014-02-28 15:00:00	VILLAPIZZONE	2.933333333333333
2014-02-28 16:00:00	VILLAPIZZONE	3.1666666666666665
2014-02-28 17:00:00	VILLAPIZZONE	5.233333333333333
2014-02-28 18:00:00	VILLAPIZZONE	6.933333333333334
2014-02-28 19:00:00	VILLAPIZZONE	5.266666666666667
2014-02-28 20:00:00	VILLAPIZZONE	6.333333333333333
2014-02-28 21:00:00	VILLAPIZZONE	5.6
2014-02-28 22:00:00	VILLAPIZZONE	3.2
2014-02-28 23:00:00	VILLAPIZZONE	5.666666666666667
2014-03-01 00:00:00	VILLAPIZZONE	9.8
2014-03-01 01:00:00	VILLAPIZZONE	10.666666666666666
2014-03-01 02:00:00	VILLAPIZZONE	7.766666666666667
2014-03-01 03:00:00	VILLAPIZZONE	8.433333333333334
2014-03-01 04:00:00	VILLAPIZZONE	11.566666666666666
2014-03-01 05:00:00	VILLAPIZZONE	12.0
2014-03-01 06:00:00	VILLAPIZZONE	11.033333333333333
2014-03-01 07:00:00	VILLAPIZZONE	9.9
2014-03-01 08:00:00	VILLAPIZZONE	8.833333333333334
2014-03-01 09:00:00	VILLAPIZZONE	9.966666666666667
2014-03-01 10:00:00	VILLAPIZZONE	10.966666666666667
2014-03-01 11:00:00	VILLAPIZZONE	9.266666666666667
2014-03-01 12:00:00	VILLAPIZZONE	4.833333333333333
2014-03-01 13:00:00	VILLAPIZZONE	4.466666666666667
2014-03-01 14:00:00	VILLAPIZZONE	7.066666666666666
2014-03-01 15:00:00	VILLAPIZZONE	8.366666666666667
2014-03-01 16:00:00	VILLAPIZZONE	7.0
2014-03-01 17:00:00	VILLAPIZZONE	5.266666666666667
2014-03-01 18:00:00	VILLAPIZZONE	4.7
2014-03-01 19:00:00	VILLAPIZZONE	4.866666666666666
2014-03-01 20:00:00	VILLAPIZZONE	2.7333333333333334
2014-03-01 21:00:00	VILLAPIZZONE	3.433333333333333
2014-03-01 22:00:00	VILLAPIZZONE	6.133333333333334
2014-03-01 23:00:00	VILLAPIZZONE	8.866666666666667
2014-03-02 00:00:00	VILLAPIZZONE	9.7
2014-03-02 01:00:00	VILLAPIZZONE	12.7
2014-03-02 02:00:00	VILLAPIZZONE	14.466666666666667
2014-03-02 03:00:00	VILLAPIZZONE	14.7
2014-03-02 04:00:00	VILLAPIZZONE	13.9
2014-03-02 05:00:00	VILLAPIZZONE	13.0
2014-03-02 06:00:00	VILLAPIZZONE	14.9
2014-03-02 07:00:00	VILLAPIZZONE	14.666666666666666
2014-03-02 08:00:00	VILLAPIZZONE	15.0
2014-03-02 09:00:00	VILLAPIZZONE	16.0
2014-03-02 10:00:00	VILLAPIZZONE	11.3
2014-03-02 11:00:00	VILLAPIZZONE	7.633333333333334
2014-03-02 12:00:00	VILLAPIZZONE	7.266666666666667
2014-03-02 13:00:00	VILLAPIZZONE	9.133333333333333
2014-03-02 14:00:00	VILLAPIZZONE	5.433333333333334
2014-03-02 15:00:00	VILLAPIZZONE	4.033333333333333
2014-03-02 16:00:00	VILLAPIZZONE	5.7
2014-03-02 17:00:00	VILLAPIZZONE	4.933333333333334
2014-03-02 18:00:00	VILLAPIZZONE	5.366666666666666
2014-03-02 19:00:00	VILLAPIZZONE	8.533333333333333
2014-03-02 20:00:00	VILLAPIZZONE	8.4
2014-03-02 21:00:00	VILLAPIZZONE	7.4
2014-03-02 22:00:00	VILLAPIZZONE	10.366666666666667
2014-03-02 23:00:00	VILLAPIZZONE	10.566666666666666
2014-02-24 00:00:00	WASHINGTON	7.533333333333333
2014-02-24 01:00:00	WASHINGTON	6.3
2014-02-24 02:00:00	WASHINGTON	6.466666666666667
2014-02-24 03:00:00	WASHINGTON	6.533333333333333
2014-02-24 04:00:00	WASHINGTON	6.0
2014-02-24 05:00:00	WASHINGTON	5.5
2014-02-24 06:00:00	WASHINGTON	5.5
2014-02-24 07:00:00	WASHINGTON	5.933333333333334
2014-02-24 08:00:00	WASHINGTON	3.3
2014-02-24 09:00:00	WASHINGTON	1.1
2014-02-24 10:00:00	WASHINGTON	0.43333333333333335
2014-02-24 11:00:00	WASHINGTON	0.06666666666666667
2014-02-24 12:00:00	WASHINGTON	1.3666666666666667
2014-02-24 13:00:00	WASHINGTON	2.566666666666667
2014-02-24 14:00:00	WASHINGTON	1.5
2014-02-24 15:00:00	WASHINGTON	3.6333333333333333
2014-02-24 16:00:00	WASHINGTON	5.633333333333334
2014-02-24 17:00:00	WASHINGTON	6.433333333333334
2014-02-24 18:00:00	WASHINGTON	4.933333333333334
2014-02-24 19:00:00	WASHINGTON	1.0333333333333334
2014-02-24 20:00:00	WASHINGTON	0.7333333333333333
2014-02-24 21:00:00	WASHINGTON	1.5333333333333334
2014-02-24 22:00:00	WASHINGTON	1.0333333333333334
2014-02-24 23:00:00	WASHINGTON	1.5
2014-02-25 00:00:00	WASHINGTON	1.5333333333333334
2014-02-25 01:00:00	WASHINGTON	0.8666666666666667
2014-02-25 02:00:00	WASHINGTON	1.3
2014-02-25 03:00:00	WASHINGTON	2.0
2014-02-25 04:00:00	WASHINGTON	2.0
2014-02-25 05:00:00	WASHINGTON	1.5666666666666667
2014-02-25 06:00:00	WASHINGTON	1.0
2014-02-25 07:00:00	WASHINGTON	1.0
2014-02-25 08:00:00	WASHINGTON	0.6
2014-02-25 09:00:00	WASHINGTON	2.066666666666667
2014-02-25 10:00:00	WASHINGTON	3.7333333333333334
2014-02-25 11:00:00	WASHINGTON	2.2333333333333334
2014-02-25 12:00:00	WASHINGTON	1.8666666666666667
2014-02-25 13:00:00	WASHINGTON	2.2333333333333334
2014-02-25 14:00:00	WASHINGTON	1.1333333333333333
2014-02-25 15:00:00	WASHINGTON	2.5
2014-02-25 16:00:00	WASHINGTON	0.9333333333333333
2014-02-25 17:00:00	WASHINGTON	0.7666666666666667
2014-02-25 18:00:00	WASHINGTON	1.5666666666666667
2014-02-25 19:00:00	WASHINGTON	1.4
2014-02-25 20:00:00	WASHINGTON	0.9
2014-02-25 21:00:00	WASHINGTON	3.6666666666666665
2014-02-25 22:00:00	WASHINGTON	2.0
2014-02-25 23:00:00	WASHINGTON	0.5333333333333333
2014-02-26 00:00:00	WASHINGTON	0.7
2014-02-26 03:00:00	WASHINGTON	0.5
2014-02-26 04:00:00	WASHINGTON	1.0
2014-02-26 05:00:00	WASHINGTON	1.0
2014-02-26 06:00:00	WASHINGTON	1.6333333333333333
2014-02-26 07:00:00	WASHINGTON	1.0333333333333334
2014-02-26 08:00:00	WASHINGTON	0.06666666666666667
2014-02-26 09:00:00	WASHINGTON	0.4
2014-02-26 10:00:00	WASHINGTON	0.06666666666666667
2014-02-26 11:00:00	WASHINGTON	0.3333333333333333
2014-02-26 12:00:00	WASHINGTON	0.13333333333333333
2014-02-26 13:00:00	WASHINGTON	0.43333333333333335
2014-02-26 14:00:00	WASHINGTON	1.4333333333333333
2014-02-26 15:00:00	WASHINGTON	3.0
2014-02-26 16:00:00	WASHINGTON	1.7333333333333334
2014-02-26 17:00:00	WASHINGTON	2.1666666666666665
2014-02-26 18:00:00	WASHINGTON	5.0
2014-02-26 19:00:00	WASHINGTON	4.9
2014-02-26 20:00:00	WASHINGTON	1.3333333333333333
2014-02-26 21:00:00	WASHINGTON	3.0
2014-02-26 22:00:00	WASHINGTON	4.366666666666666
2014-02-26 23:00:00	WASHINGTON	4.366666666666666
2014-02-27 00:00:00	WASHINGTON	6.433333333333334
2014-02-27 01:00:00	WASHINGTON	8.5
2014-02-27 02:00:00	WASHINGTON	8.0
2014-02-27 03:00:00	WASHINGTON	8.933333333333334
2014-02-27 04:00:00	WASHINGTON	9.0
2014-02-27 05:00:00	WASHINGTON	9.0
2014-02-27 06:00:00	WASHINGTON	8.266666666666667
2014-02-27 07:00:00	WASHINGTON	5.433333333333334
2014-02-27 08:00:00	WASHINGTON	0.5333333333333333
2014-02-27 09:00:00	WASHINGTON	0.6666666666666666
2014-02-27 10:00:00	WASHINGTON	1.3
2014-02-27 11:00:00	WASHINGTON	1.5
2014-02-27 12:00:00	WASHINGTON	1.5
2014-02-27 13:00:00	WASHINGTON	2.066666666666667
2014-02-27 14:00:00	WASHINGTON	3.466666666666667
2014-02-27 15:00:00	WASHINGTON	3.8333333333333335
2014-02-27 16:00:00	WASHINGTON	6.3
2014-02-27 17:00:00	WASHINGTON	3.7
2014-02-27 18:00:00	WASHINGTON	1.4
2014-02-27 19:00:00	WASHINGTON	2.6333333333333333
2014-02-27 20:00:00	WASHINGTON	0.7333333333333333
2014-02-27 21:00:00	WASHINGTON	1.1333333333333333
2014-02-27 22:00:00	WASHINGTON	1.0666666666666667
2014-02-27 23:00:00	WASHINGTON	1.0666666666666667
2014-02-28 00:00:00	WASHINGTON	1.0333333333333334
2014-02-28 01:00:00	WASHINGTON	1.5
2014-02-28 02:00:00	WASHINGTON	1.0
2014-02-28 03:00:00	WASHINGTON	1.0
2014-02-28 04:00:00	WASHINGTON	1.9333333333333333
2014-02-28 05:00:00	WASHINGTON	2.0
2014-02-28 06:00:00	WASHINGTON	2.0
2014-02-28 07:00:00	WASHINGTON	0.3333333333333333
2014-02-28 09:00:00	WASHINGTON	0.5666666666666667
2014-02-28 10:00:00	WASHINGTON	1.3666666666666667
2014-02-28 11:00:00	WASHINGTON	0.23333333333333334
2014-02-28 12:00:00	WASHINGTON	1.4
2014-02-28 13:00:00	WASHINGTON	0.6
2014-02-28 14:00:00	WASHINGTON	1.0
2014-02-28 15:00:00	WASHINGTON	1.1666666666666667
2014-02-28 16:00:00	WASHINGTON	2.033333333333333
2014-02-28 17:00:00	WASHINGTON	0.5333333333333333
2014-02-28 18:00:00	WASHINGTON	0.5333333333333333
2014-02-28 19:00:00	WASHINGTON	1.8
2014-02-28 20:00:00	WASHINGTON	0.9333333333333333
2014-02-28 21:00:00	WASHINGTON	0.36666666666666664
2014-02-28 22:00:00	WASHINGTON	0.7666666666666667
2014-02-28 23:00:00	WASHINGTON	0.9666666666666667
2014-03-01 00:00:00	WASHINGTON	0.7333333333333333
2014-03-01 01:00:00	WASHINGTON	0.4666666666666667
2014-03-01 02:00:00	WASHINGTON	1.2
2014-03-01 03:00:00	WASHINGTON	3.1
2014-03-01 04:00:00	WASHINGTON	7.466666666666667
2014-03-01 05:00:00	WASHINGTON	8.5
2014-03-01 06:00:00	WASHINGTON	8.433333333333334
2014-03-01 07:00:00	WASHINGTON	8.366666666666667
2014-03-01 08:00:00	WASHINGTON	6.0
2014-03-01 09:00:00	WASHINGTON	0.9
2014-03-01 10:00:00	WASHINGTON	0.9
2014-03-01 11:00:00	WASHINGTON	1.0
2014-03-01 12:00:00	WASHINGTON	0.3333333333333333
2014-03-01 13:00:00	WASHINGTON	1.3333333333333333
2014-03-01 14:00:00	WASHINGTON	1.9333333333333333
2014-03-01 15:00:00	WASHINGTON	0.06666666666666667
2014-03-01 16:00:00	WASHINGTON	1.1333333333333333
2014-03-01 17:00:00	WASHINGTON	1.1333333333333333
2014-03-01 18:00:00	WASHINGTON	0.4666666666666667
2014-03-01 19:00:00	WASHINGTON	0.7666666666666667
2014-03-01 20:00:00	WASHINGTON	0.9333333333333333
2014-03-01 21:00:00	WASHINGTON	0.4666666666666667
2014-03-01 22:00:00	WASHINGTON	0.9333333333333333
2014-03-01 23:00:00	WASHINGTON	1.4666666666666666
2014-03-02 00:00:00	WASHINGTON	2.2333333333333334
2014-03-02 01:00:00	WASHINGTON	1.8333333333333333
2014-03-02 02:00:00	WASHINGTON	0.3333333333333333
2014-03-02 03:00:00	WASHINGTON	1.5
2014-03-02 04:00:00	WASHINGTON	1.6666666666666667
2014-03-02 05:00:00	WASHINGTON	2.2666666666666666
2014-03-02 06:00:00	WASHINGTON	2.2
2014-03-02 07:00:00	WASHINGTON	2.066666666666667
2014-03-02 08:00:00	WASHINGTON	1.9333333333333333
2014-03-02 09:00:00	WASHINGTON	0.16666666666666666
2014-03-02 10:00:00	WASHINGTON	0.4
2014-03-02 11:00:00	WASHINGTON	0.06666666666666667
2014-03-02 12:00:00	WASHINGTON	1.7
2014-03-02 13:00:00	WASHINGTON	2.566666666666667
2014-03-02 14:00:00	WASHINGTON	2.6333333333333333
2014-03-02 15:00:00	WASHINGTON	0.3
2014-03-02 16:00:00	WASHINGTON	1.6666666666666667
2014-03-02 17:00:00	WASHINGTON	0.8333333333333334
2014-03-02 18:00:00	WASHINGTON	0.1
2014-03-02 19:00:00	WASHINGTON	0.26666666666666666
2014-03-02 20:00:00	WASHINGTON	1.6666666666666667
2014-03-02 21:00:00	WASHINGTON	2.9
2014-03-02 22:00:00	WASHINGTON	4.8
2014-03-02 23:00:00	WASHINGTON	1.6666666666666667
2014-02-24 00:00:00	XXII MARZO	2.4
2014-02-24 01:00:00	XXII MARZO	2.9
2014-02-24 02:00:00	XXII MARZO	2.0
2014-02-24 03:00:00	XXII MARZO	2.7333333333333334
2014-02-24 04:00:00	XXII MARZO	3.0
2014-02-24 05:00:00	XXII MARZO	2.6666666666666665
2014-02-24 06:00:00	XXII MARZO	2.6666666666666665
2014-02-24 07:00:00	XXII MARZO	1.8333333333333333
2014-02-24 08:00:00	XXII MARZO	0.5666666666666667
2014-02-24 09:00:00	XXII MARZO	3.033333333333333
2014-02-24 10:00:00	XXII MARZO	5.366666666666666
2014-02-24 11:00:00	XXII MARZO	5.3
2014-02-24 12:00:00	XXII MARZO	1.9
2014-02-24 13:00:00	XXII MARZO	2.1
2014-02-24 14:00:00	XXII MARZO	2.933333333333333
2014-02-24 15:00:00	XXII MARZO	3.2666666666666666
2014-02-24 16:00:00	XXII MARZO	0.6
2014-02-24 17:00:00	XXII MARZO	2.066666666666667
2014-02-24 18:00:00	XXII MARZO	2.5
2014-02-24 19:00:00	XXII MARZO	1.3666666666666667
2014-02-24 20:00:00	XXII MARZO	4.033333333333333
2014-02-24 21:00:00	XXII MARZO	3.8333333333333335
2014-02-24 22:00:00	XXII MARZO	1.9
2014-02-24 23:00:00	XXII MARZO	2.7333333333333334
2014-02-25 00:00:00	XXII MARZO	5.7
2014-02-25 01:00:00	XXII MARZO	6.566666666666666
2014-02-25 02:00:00	XXII MARZO	6.766666666666667
2014-02-25 03:00:00	XXII MARZO	6.966666666666667
2014-02-25 04:00:00	XXII MARZO	7.066666666666666
2014-02-25 05:00:00	XXII MARZO	7.733333333333333
2014-02-25 06:00:00	XXII MARZO	7.7
2014-02-25 07:00:00	XXII MARZO	6.4
2014-02-25 08:00:00	XXII MARZO	3.6333333333333333
2014-02-25 09:00:00	XXII MARZO	4.0
2014-02-25 10:00:00	XXII MARZO	3.9
2014-02-25 11:00:00	XXII MARZO	3.7
2014-02-25 12:00:00	XXII MARZO	3.033333333333333
2014-02-25 13:00:00	XXII MARZO	0.7
2014-02-25 14:00:00	XXII MARZO	1.0
2014-02-25 15:00:00	XXII MARZO	1.5
2014-02-25 16:00:00	XXII MARZO	1.5666666666666667
2014-02-25 17:00:00	XXII MARZO	5.7
2014-02-25 18:00:00	XXII MARZO	6.033333333333333
2014-02-25 19:00:00	XXII MARZO	5.533333333333333
2014-02-25 20:00:00	XXII MARZO	3.0
2014-02-25 21:00:00	XXII MARZO	2.6
2014-02-25 22:00:00	XXII MARZO	1.7333333333333334
2014-02-25 23:00:00	XXII MARZO	1.4333333333333333
2014-02-26 00:00:00	XXII MARZO	0.8666666666666667
2014-02-26 03:00:00	XXII MARZO	0.26666666666666666
2014-02-26 07:00:00	XXII MARZO	0.6666666666666666
2014-02-26 08:00:00	XXII MARZO	1.0333333333333334
2014-02-26 09:00:00	XXII MARZO	0.8666666666666667
2014-02-26 10:00:00	XXII MARZO	2.466666666666667
2014-02-26 11:00:00	XXII MARZO	1.3666666666666667
2014-02-26 12:00:00	XXII MARZO	3.0
2014-02-26 13:00:00	XXII MARZO	1.7666666666666666
2014-02-26 14:00:00	XXII MARZO	1.8333333333333333
2014-02-26 15:00:00	XXII MARZO	3.5
2014-02-26 16:00:00	XXII MARZO	2.566666666666667
2014-02-26 17:00:00	XXII MARZO	4.266666666666667
2014-02-26 18:00:00	XXII MARZO	1.2666666666666666
2014-02-26 19:00:00	XXII MARZO	1.9
2014-02-26 20:00:00	XXII MARZO	1.2666666666666666
2014-02-26 21:00:00	XXII MARZO	3.6
2014-02-26 22:00:00	XXII MARZO	2.1666666666666665
2014-02-26 23:00:00	XXII MARZO	0.9
2014-02-27 00:00:00	XXII MARZO	0.9666666666666667
2014-02-27 01:00:00	XXII MARZO	0.9333333333333333
2014-02-27 02:00:00	XXII MARZO	1.4333333333333333
2014-02-27 03:00:00	XXII MARZO	3.7
2014-02-27 04:00:00	XXII MARZO	4.733333333333333
2014-02-27 05:00:00	XXII MARZO	3.3333333333333335
2014-02-27 06:00:00	XXII MARZO	2.4
2014-02-27 07:00:00	XXII MARZO	0.6666666666666666
2014-02-27 08:00:00	XXII MARZO	0.26666666666666666
2014-02-27 09:00:00	XXII MARZO	0.36666666666666664
2014-02-27 10:00:00	XXII MARZO	0.5666666666666667
2014-02-27 11:00:00	XXII MARZO	1.2666666666666666
2014-02-27 12:00:00	XXII MARZO	0.2
2014-02-27 13:00:00	XXII MARZO	0.6666666666666666
2014-02-27 14:00:00	XXII MARZO	2.1333333333333333
2014-02-27 15:00:00	XXII MARZO	3.066666666666667
2014-02-27 16:00:00	XXII MARZO	3.9
2014-02-27 17:00:00	XXII MARZO	3.7
2014-02-27 18:00:00	XXII MARZO	4.133333333333334
2014-02-27 19:00:00	XXII MARZO	0.8
2014-02-27 20:00:00	XXII MARZO	0.13333333333333333
2014-02-27 21:00:00	XXII MARZO	0.5666666666666667
2014-02-27 22:00:00	XXII MARZO	1.1
2014-02-27 23:00:00	XXII MARZO	0.6333333333333333
2014-02-28 00:00:00	XXII MARZO	0.6666666666666666
2014-02-28 01:00:00	XXII MARZO	2.966666666666667
2014-02-28 02:00:00	XXII MARZO	5.666666666666667
2014-02-28 03:00:00	XXII MARZO	6.1
2014-02-28 04:00:00	XXII MARZO	6.0
2014-02-28 05:00:00	XXII MARZO	5.966666666666667
2014-02-28 06:00:00	XXII MARZO	6.0
2014-02-28 07:00:00	XXII MARZO	3.3333333333333335
2014-02-28 08:00:00	XXII MARZO	2.2
2014-02-28 09:00:00	XXII MARZO	0.5666666666666667
2014-02-28 10:00:00	XXII MARZO	0.9666666666666667
2014-02-28 11:00:00	XXII MARZO	0.6666666666666666
2014-02-28 12:00:00	XXII MARZO	1.3
2014-02-28 13:00:00	XXII MARZO	1.9666666666666666
2014-02-28 14:00:00	XXII MARZO	1.9
2014-02-28 15:00:00	XXII MARZO	3.6333333333333333
2014-02-28 16:00:00	XXII MARZO	4.033333333333333
2014-02-28 17:00:00	XXII MARZO	3.933333333333333
2014-02-28 18:00:00	XXII MARZO	3.566666666666667
2014-02-28 19:00:00	XXII MARZO	1.2666666666666666
2014-02-28 20:00:00	XXII MARZO	0.5666666666666667
2014-02-28 21:00:00	XXII MARZO	1.6
2014-02-28 22:00:00	XXII MARZO	1.5
2014-02-28 23:00:00	XXII MARZO	1.1
2014-03-01 00:00:00	XXII MARZO	1.6666666666666667
2014-03-01 01:00:00	XXII MARZO	0.6333333333333333
2014-03-01 02:00:00	XXII MARZO	0.9333333333333333
2014-03-01 03:00:00	XXII MARZO	0.43333333333333335
2014-03-01 04:00:00	XXII MARZO	3.466666666666667
2014-03-01 05:00:00	XXII MARZO	3.533333333333333
2014-03-01 06:00:00	XXII MARZO	4.3
2014-03-01 07:00:00	XXII MARZO	5.333333333333333
2014-03-01 08:00:00	XXII MARZO	4.7
2014-03-01 09:00:00	XXII MARZO	1.8333333333333333
2014-03-01 10:00:00	XXII MARZO	1.3666666666666667
2014-03-01 11:00:00	XXII MARZO	1.8333333333333333
2014-03-01 12:00:00	XXII MARZO	1.1666666666666667
2014-03-01 13:00:00	XXII MARZO	3.2
2014-03-01 14:00:00	XXII MARZO	2.1333333333333333
2014-03-01 15:00:00	XXII MARZO	0.5666666666666667
2014-03-01 16:00:00	XXII MARZO	0.5333333333333333
2014-03-01 17:00:00	XXII MARZO	1.4666666666666666
2014-03-01 18:00:00	XXII MARZO	1.4333333333333333
2014-03-01 19:00:00	XXII MARZO	0.6333333333333333
2014-03-01 20:00:00	XXII MARZO	1.1
2014-03-01 21:00:00	XXII MARZO	2.4
2014-03-01 22:00:00	XXII MARZO	2.4
2014-03-01 23:00:00	XXII MARZO	0.9666666666666667
2014-03-02 00:00:00	XXII MARZO	1.2
2014-03-02 01:00:00	XXII MARZO	0.5666666666666667
2014-03-02 02:00:00	XXII MARZO	2.4
2014-03-02 03:00:00	XXII MARZO	2.3666666666666667
2014-03-02 04:00:00	XXII MARZO	2.8
2014-03-02 05:00:00	XXII MARZO	2.6
2014-03-02 06:00:00	XXII MARZO	3.0
2014-03-02 07:00:00	XXII MARZO	3.9
2014-03-02 08:00:00	XXII MARZO	3.1333333333333333
2014-03-02 09:00:00	XXII MARZO	3.7666666666666666
2014-03-02 10:00:00	XXII MARZO	4.433333333333334
2014-03-02 11:00:00	XXII MARZO	2.933333333333333
2014-03-02 12:00:00	XXII MARZO	0.8
2014-03-02 13:00:00	XXII MARZO	0.8
2014-03-02 14:00:00	XXII MARZO	1.3666666666666667
2014-03-02 15:00:00	XXII MARZO	2.8333333333333335
2014-03-02 16:00:00	XXII MARZO	2.2666666666666666
2014-03-02 17:00:00	XXII MARZO	1.6333333333333333
2014-03-02 18:00:00	XXII MARZO	0.7
2014-03-02 19:00:00	XXII MARZO	1.1333333333333333
2014-03-02 20:00:00	XXII MARZO	0.5
2014-03-02 21:00:00	XXII MARZO	1.2
2014-03-02 22:00:00	XXII MARZO	0.2
2014-03-02 23:00:00	XXII MARZO	0.9333333333333333
